0.663799311069
0.663421502499
0.663041791136
0.662162721671
0.661410784814
0.659485099847
0.658891720231
0.657447931482
0.655156104641
0.650630467190
0.647526923092
0.641999463375
0.636561833106
0.627605678466
0.621346382100
0.603393147577
0.586136220418
0.566024433302
0.541211198450
0.517184336833
0.480745351161
0.454623760976
0.414486415693
0.390250323305
0.359152006088
0.328446072751
0.292272307768
0.272599931342
0.245811196445
0.213384058375
0.211379619272
0.176202708572
0.167826481966
0.154692845415
0.131877629959
0.128474132533
0.113445862218
0.107700273457
0.092258311515
0.081568425862
0.089235139632
0.083312599879
0.083522533272
0.067612330427
0.061143669720
0.070160329960
0.060059360570
0.058046992640
0.049000537052
0.051542395098
0.047376545925
0.043142982403
0.053183342735
0.032216557731
0.037823529133
0.031847161062
0.032455738274
0.037496952529
0.031346703730
0.034149003556
0.032043707421
0.026761172406
0.019383680506
0.022811545796
0.025253925218
0.023974600352
0.018151042745
0.025352332651
0.016445699905
0.021024218651
0.011882690935
