0.662659049272
0.662244059498
0.661278616370
0.660113116330
0.659234037068
0.657932963270
0.656575291405
0.654178337405
0.651380398252
0.648379578035
0.645535349132
0.639176131953
0.634295463243
0.622871719368
0.615987114308
0.604567621701
0.592623658107
0.576063533222
0.555411509696
0.532428200759
0.508787831005
0.485536948341
0.458416021820
0.434583461924
0.412355983440
0.388897440073
0.357182194107
0.324268735563
0.305582395515
0.281798083487
0.252467277312
0.237769487304
0.227041193283
0.207889814117
0.181844804589
0.166240922320
0.155440688120
0.149919577228
0.132179608640
0.128206670555
0.119761400196
0.119701430215
0.107492354857
0.098673171805
0.097923516563
0.088174945718
0.082353966096
0.084427048263
0.076027529478
0.068103960417
0.069546087384
0.068376914113
0.060489263159
0.057890981123
0.052676297305
0.047667646408
0.053548428757
0.056443497579
0.042155839379
0.041289936238
0.034650560156
0.043082169517
0.042336622079
0.036214214778
0.034535718623
0.038035064636
0.036067296535
0.032245784686
0.029104195021
0.024048883584
0.031249664922
