0.661711943977
0.660568137991
0.659980981683
0.658817441805
0.657473927466
0.656026784930
0.653976681929
0.651639356405
0.648553644592
0.645200744173
0.640721053128
0.635724373179
0.629026506582
0.621113110127
0.615798322242
0.605405545251
0.594066142638
0.580436763748
0.562347176652
0.548764958945
0.527426328890
0.508526768481
0.485189984034
0.463200567870
0.442563080157
0.419790830112
0.399244068853
0.374943157821
0.352763594246
0.329812519039
0.305081317175
0.291261415710
0.268418348136
0.249963780799
0.235638258809
0.216695734783
0.200215094718
0.188999902713
0.173337605755
0.174125314338
0.160707698102
0.141438756686
0.138028445923
0.126087313535
0.125070786135
0.114041534040
0.108482013488
0.106025127084
0.096469832581
0.089707877852
0.087216748033
0.085948011853
0.078439309552
0.070354812403
0.074427151754
0.070698358096
0.068450031358
0.069240473939
0.066550151421
0.055987077962
0.052821537168
0.062449662350
0.053222252081
0.047601329906
0.046459389699
0.038814744936
0.043895677574
0.042776752982
0.038559188841
0.047283755372
0.042160231880
