657.247755132108
691.582691263939
874.932628069080
1088.674498581185
1212.599852937721
1410.570661592475
1567.266705109907
2018.231740221026
2430.523744825176
2833.919939022289
3210.316043552194
4094.107572523899
4720.065801252534
6087.537627604109
6592.125281188965
7429.455042504156
8253.463412612116
8994.272188047842
9772.683707430046
10305.726939241576
10343.131363396275
10283.469010545972
9976.460457379009
9666.087251015349
9278.079448280410
8800.082077024026
8159.466151071425
7587.686119070858
7062.813107044556
6578.024526240173
6066.940511408322
5624.957360483018
5236.298273868027
4923.679779215198
4499.554743423843
4227.408071326787
3864.949399049149
3693.138985344648
3421.997266560501
3187.927893522293
3026.426502066694
2834.620473426305
2675.075109130234
2553.251541304096
2375.589580329031
2283.168373271822
2151.162191874796
2030.346685886889
1942.711827820147
1835.981897786630
1748.833479793221
1665.104051623714
1595.475876648487
1548.623688749163
1478.174887848742
1420.068672236566
1355.374007670016
1310.254128087770
1259.114665613475
1214.486388326155
1174.579256481408
1117.236567835766
1083.517667844807
1057.002184722248
1023.522433253164
986.960188129905
956.777627145977
935.128826775098
893.201709835392
873.154107653099
858.748413183320
