908.000255059098
1019.730822967452
1121.682464214416
1398.883377140599
1625.454825897820
2415.837300191565
2502.610442191989
2960.601264493185
3572.412629023152
5163.267922203388
5897.357774244122
7600.837374569958
8634.140487231438
10723.316470234298
11407.173607339979
15037.555120287936
17012.268110756857
18798.297791541820
19798.192780204387
20196.217574759794
20234.877227454486
19436.988398320857
18916.799592455605
17589.017405391241
16109.489237231339
14858.844404648087
13731.703502668135
12564.359490118148
11382.794581344149
10146.098863177214
9536.873255186212
8724.854143758217
7996.719737947296
7365.743281338945
6831.943434148789
6284.770922111649
5813.200685642353
5388.693210724137
5028.696169113211
4723.406293543362
4313.635036978630
4118.346660011438
3906.889150400272
3697.671253560279
3455.181312845569
3236.961887125464
3091.132328944284
2929.298671334791
2793.935340688040
2645.202707461352
2518.669525201790
2438.819440820491
2302.519311126973
2231.768684927474
2145.404801270837
2036.282144423313
1962.222868870185
1877.968462531993
1823.312879855872
1756.504080282973
1685.694771178040
1623.416999699296
1569.334233489300
1512.316199773398
1462.617270997978
1433.169597266869
1376.277203620790
1328.615930014832
1313.115170465291
1251.054581620360
1224.982146425129
