100867.949127321233
56593.779711094532
98708.943251265824
97169.593911307747
74889.478083978916
83389.181691105681
89009.595279623943
83969.754657711048
77872.213335921653
79804.804183032829
76358.053412597481
68604.691347014683
67931.646064929766
64399.336081412235
62658.700118767541
58824.331177619635
54723.401676539048
50449.213620879018
46178.468157489719
42693.361051006948
38508.424461694143
35369.950427380922
31847.578124260715
28764.501851752531
26089.685906951287
23585.933677365800
21463.699041931966
19469.305806358327
17629.556222886422
16036.481945827250
14510.149561920309
13459.028880259262
12232.412402103679
11114.949925737563
10312.549694192570
9501.751239642774
8818.337014772911
8179.055934385133
7559.223636174054
7141.225539414751
6647.220594666033
6153.510891663139
5778.006883738291
5435.731768266447
5205.007447836321
4901.621850087374
4586.164430174397
4397.257214676485
4153.722084109086
3949.700765418672
3720.663809762379
3623.421546257134
3412.518504436498
3303.169615740661
3166.891042133877
3000.940129139066
2948.867360247539
2800.560547289992
2692.838181796946
2562.471700746998
2490.177081968907
2387.590172818667
2327.080874402254
2245.869247548756
2179.520553714946
2084.348452809222
2027.663218375212
1960.961024801358
1907.327740557386
1844.809363687597
1795.254285756493
