0.156800591716
-0.573339257397
0.082410292899
0.019031630178
-0.383339550296
-0.256663781065
0.052549538462
0.137578517751
0.205469159763
0.064256340237
-0.067326044379
0.192087946746
0.121448263314
-0.108378334320
-0.013378946746
0.011321467456
0.014907931953
-0.019045887574
0.005481254438
0.012029295858
0.008700384615
-0.005111026627
-0.009406908284
0.018765967456
-0.003128792899
-0.002179908284
0.016174647929
-0.000076917160
-0.008202112426
0.000325934911
-0.012725550296
0.002552905325
0.003828819527
-0.003141115385
-0.009481420118
-0.002962026627
-0.004491464497
-0.000221464497
-0.001473928994
0.003018763314
0.001044162722
0.000153292899
-0.003611269231
0.000540934911
-0.001278825444
0.000869869822
-0.001068056213
0.003741751479
-0.000792106509
-0.002237292899
-0.000062446746
0.001080023669
-0.001103786982
0.001092576923
-0.001439943787
0.000548949704
-0.001522461538
-0.000961272189
-0.001498757396
0.000894798817
-0.000325911243
0.001837763314
0.000890142012
0.001047035503
0.001309281065
-0.000560284024
-0.000125304734
-0.000550440828
0.000188683432
-0.000428079882
-0.000352260355
