0.865465233333
0.859014915555
0.850751628889
0.841535335556
0.832924684445
0.823286844445
0.812826900000
0.800519902223
0.786795780000
0.771822722223
0.758033428889
0.736554931111
0.718800504445
0.688647468889
0.667716946667
0.640260386667
0.614150173333
0.581382175556
0.546594020000
0.513227973333
0.479931764444
0.451387411111
0.420342722222
0.396062957778
0.374861117778
0.353185028889
0.328074506667
0.305487362222
0.289739993333
0.274653988889
0.257919711111
0.246318126667
0.236718222222
0.226643193333
0.213363826667
0.205482435556
0.195851277778
0.191323595556
0.182954782222
0.177087697778
0.171901317778
0.167130197778
0.161633366667
0.157645708889
0.152521608889
0.148846780000
0.144502246667
0.140924246667
0.137795186667
0.133749235556
0.130919197778
0.128090884444
0.125292657778
0.123385508889
0.120858208889
0.118300220000
0.115876137778
0.114518475556
0.111914191111
0.110082404444
0.108292875556
0.106169244444
0.104829684444
0.103492984444
0.101819013333
0.100559500000
0.098979773333
0.098025622222
0.095685304444
0.094870184444
0.094305337778
