0.865476520062
0.858742683642
0.851701998457
0.842535074074
0.834176595679
0.822067603395
0.813214507716
0.801809608025
0.787742555556
0.768195878086
0.752128734568
0.731345754630
0.711185643518
0.683616175926
0.661588797840
0.623578750000
0.588192121914
0.551031064815
0.511920908951
0.476521780864
0.434348938272
0.404220364198
0.369927708333
0.345875902778
0.319835771605
0.297771577160
0.276202643519
0.259909435185
0.242180302469
0.224688151235
0.218043268519
0.203988692901
0.195838145062
0.186957879630
0.177522169753
0.170503425926
0.163451956790
0.157239635802
0.151136694444
0.146519731481
0.140888317901
0.137419158951
0.133959970679
0.129674655864
0.125768489198
0.122212694444
0.119199962963
0.116240791667
0.113670007716
0.110784365741
0.108246899691
0.106484115741
0.104192277778
0.101852862654
0.100284260802
0.097751012346
0.096209254630
0.094570808642
0.092984935185
0.091687109568
0.090077609568
0.088375665123
0.086718442901
0.085455387346
0.084304333333
0.083561598765
0.082004811728
0.080959327160
0.080355195988
0.078808625000
0.077943641975
