-2.427313387574
-2.404987810651
-2.383933554733
-2.361111488165
-2.337964723372
-2.313756270710
-2.286693023668
-2.259381742603
-2.230807710059
-2.201082500000
-2.169590529586
-2.136326590237
-2.103549467456
-2.067240162722
-2.034497295858
-1.998425844675
-1.959811784024
-1.919814698225
-1.879073269231
-1.843137627219
-1.802787375740
-1.769134958580
-1.731587720414
-1.697444940828
-1.665656097633
-1.634533834320
-1.606693937870
-1.578969281065
-1.552102125740
-1.527681025148
-1.503851823965
-1.482892662722
-1.460478173077
-1.439489933432
-1.420124295858
-1.402116168639
-1.384044353550
-1.365671757397
-1.348635696746
-1.333884930473
-1.317652233728
-1.301120860947
-1.286646149408
-1.272584553254
-1.258827653846
-1.245595714497
-1.231925894970
-1.220091205621
-1.206836606509
-1.194712683432
-1.182295903846
-1.170512399408
-1.158907538462
-1.148477257396
-1.137481247041
-1.126816997041
-1.116702124260
-1.106212894970
-1.096209784024
-1.085372292899
-1.076826798817
-1.067228690828
-1.057855914201
-1.048911896450
-1.040115747041
-1.030468659763
-1.022409809172
-1.014036933432
-1.005692014793
-0.997351727811
-0.989667789941
