-2.425698102624
-2.404943761574
-2.383616518518
-2.359970385031
-2.337212880401
-2.310482157407
-2.286437319444
-2.259631093364
-2.230321933642
-2.196498347222
-2.165022807099
-2.131392748457
-2.096827260802
-2.057441892747
-2.021855570988
-1.978714144290
-1.935549684414
-1.893232054012
-1.849209422840
-1.810028616512
-1.766785924383
-1.731031178241
-1.696072681327
-1.663849047068
-1.633493280864
-1.604870345679
-1.577008368056
-1.552359388117
-1.527850167438
-1.503408419753
-1.484098804784
-1.462882304784
-1.443363536265
-1.424714606481
-1.405342105710
-1.387551465278
-1.369848437500
-1.353645850309
-1.337322250772
-1.322320303241
-1.306510990741
-1.292211760031
-1.277953140432
-1.264053560185
-1.250101430556
-1.236797941358
-1.223862890432
-1.210933260031
-1.198857077161
-1.186281152778
-1.174869535494
-1.163856978395
-1.152232062500
-1.140878006944
-1.130229262346
-1.119244848765
-1.108991402778
-1.099091906636
-1.088964055555
-1.079227126543
-1.069577856481
-1.060068669753
-1.051153533179
-1.041879824846
-1.032531591049
-1.023982626543
-1.015417215278
-1.007174881173
-0.999145933642
-0.990608557870
-0.982914797068
