-2.426544536667
-2.406123300000
-2.383988205555
-2.359928702222
-2.336750337778
-2.312239293333
-2.286160427778
-2.259206097778
-2.230680768889
-2.199962401111
-2.171202084444
-2.135324383333
-2.103364883333
-2.060925362222
-2.026282232222
-1.987282633333
-1.950836578889
-1.908601337778
-1.866210384444
-1.826472681111
-1.786582391111
-1.751280331111
-1.713432096667
-1.681483566667
-1.652867821111
-1.622990807778
-1.592061347778
-1.564201865556
-1.539662762222
-1.516191784445
-1.492360964444
-1.471267416667
-1.451549187778
-1.432295223333
-1.411682676667
-1.394234100000
-1.375714651111
-1.360232171111
-1.342848170000
-1.327837275555
-1.311854250000
-1.297701012222
-1.283208591111
-1.268896115555
-1.255215370000
-1.241532196667
-1.228098964444
-1.215178653333
-1.203190698889
-1.190772704444
-1.178721077778
-1.167170233333
-1.155751146667
-1.145120470000
-1.133872813333
-1.123395867778
-1.112909130000
-1.102913053333
-1.092688206667
-1.082401383333
-1.073545435556
-1.063567660000
-1.054121244444
-1.045576048889
-1.036462341111
-1.027755063333
-1.018830783333
-1.010655885556
-1.002633061111
-0.994150636667
-0.986471182222
