1538.298654832165
1601.403430321911
1675.047210040571
1764.437756396866
1847.654888394983
2022.777083431206
2071.603767253965
2191.846454864229
2321.653278618247
2545.641359821991
2678.070402031498
2842.620589800157
3005.369017452098
3161.025122391085
3194.134636400872
3422.053513048723
3512.518545354498
3470.972801103247
3412.376796487608
3240.399647574637
3072.994736758510
2881.895182984300
2705.573232581819
2526.286981158432
2330.986530530216
2178.468756396530
2058.698614957562
1908.158420733944
1793.319409069463
1677.919594848955
1615.304827680052
1554.032071653213
1485.507472021040
1416.119042711408
1372.042921611191
1317.190127040201
1266.389744821890
1225.675017810717
1185.889185389618
1152.711463841155
1111.850405103903
1082.482830504404
1054.075339118007
1025.970050646321
997.860101408249
974.127582144103
946.733547022419
925.845898843880
904.791863431645
880.210504066968
860.919137830000
843.691655868566
824.061092010936
804.844088253182
787.025252720369
767.470388136725
752.777985341821
736.688036689507
725.401454670506
707.812552671475
694.158262069061
681.458851211532
668.529957033387
655.293722745445
642.511372669889
627.647745385520
617.372378747310
605.794122258072
595.258193777899
583.867141693462
579.214345979599
