789.810819575508
848.476170571004
879.444073516393
925.752773314704
966.762068992069
1019.910683963773
1072.449358733796
1128.886799986871
1194.980801010371
1260.706116946422
1333.807710557796
1387.194366654835
1460.201861987797
1517.968637962188
1533.234039191225
1590.517973338874
1605.562724793918
1606.725574107152
1611.268047608121
1591.506973638856
1541.857762895613
1499.653609745796
1441.677655438883
1366.511607420741
1291.978604215688
1218.661379009947
1158.240909753701
1094.724249382971
1032.453048111670
977.150776896367
924.475699323338
878.716519289258
836.873784126760
787.980239574531
760.402517853551
727.493543244949
696.959246421862
669.803764587067
645.096666971516
620.880588247222
600.230984112553
581.369992605294
560.556067457638
546.046940216063
530.139173059226
516.963408705999
499.062305292501
489.716309655413
475.324752373324
464.311243280040
451.099935241483
441.125447350290
431.246396033145
422.434709639773
414.641579647720
402.359719508054
397.516319972746
386.459997148818
379.007579083697
369.372739049103
362.289104299896
355.822491674464
347.851049121978
342.995235997067
336.774556125931
330.368473962641
323.885997580681
317.568756236664
312.085604623807
306.808420784302
300.165449979107
