1069.208325000430
1113.467194046558
1176.247097271364
1252.748514780664
1299.725482765637
1367.221659165001
1426.106973425232
1518.772420108977
1616.897730170876
1703.947839206158
1762.130327699668
1897.320583525733
1957.736408018443
2120.752683440639
2155.851339005322
2221.620699375212
2257.065356442716
2247.025076578159
2243.780311094119
2219.368399130035
2115.125456032186
2032.348338631615
1907.360717642836
1814.033182453604
1716.130326606229
1609.405088279631
1495.699816049719
1395.184658538208
1317.780081294243
1242.550823039695
1175.319880209229
1115.768162194401
1067.891816392842
1024.846373736010
971.452951843459
941.351449607726
890.494319804525
870.262318168937
837.302410905248
813.148913075006
785.950454022566
761.544994798661
739.844499282148
722.067460457776
694.971325105194
680.933832961080
663.752179965154
642.020624845319
629.723523104230
610.991141450754
600.605431473194
582.423548991340
572.269286602788
561.643596522460
545.811828187326
536.524312058325
523.818222228287
512.477414953354
500.483257022202
494.434520739493
482.192113296014
472.185375505166
462.721231191445
454.893799141019
445.193012545748
438.484381525699
428.973852262560
422.830855587286
412.176941564585
405.362590097973
398.127937189849
