0.010000
0.020001
0.030005
0.040014
0.050030
0.060055
0.070091
0.080140
0.090204
0.100286
0.110386
0.120508
0.130653
0.140824
0.151022
0.161251
0.171511
0.181805
0.192135
0.202504
0.212915
0.223368
0.233867
0.244414
0.255011
0.265661
0.276367
0.287131
0.297955
0.308843
0.319797
0.330820
0.341914
0.353083
0.364330
0.375657
0.387068
0.398567
0.410155
0.421837
0.433617
0.445497
0.457482
0.469575
0.481780
0.494101
0.506542
0.519108
0.531803
0.544631
0.557597
0.570706
0.583963
0.597373
0.610942
0.624675
0.638577
0.652655
0.666914
0.681362
0.696004
0.710849
0.725902
0.741171
0.756664
0.772390
0.788356
0.804571
0.821044
0.837785
0.854804
0.872111
0.889717
0.907633
0.925871
0.944443
0.963363
0.982643
1.002299
1.022345
1.042797
1.063671
1.084985
1.106757
1.129006
1.151753
1.175018
1.198825
1.223197
1.248159
1.273738
1.299962
1.326861
1.354467
1.382812
1.411934
1.441870
1.472660
1.504347
1.536977
1.570600
1.605268
1.641037
1.677967
1.716123
1.755574
1.796394
1.838664
1.882471
1.927908
1.975077
2.024086
2.075055
2.128114
2.183402
2.241075
2.301299
2.364259
2.430156
2.499212
2.571673
2.647808
2.727917
2.812332
2.901424
2.995607
3.095344
3.201155
3.313629
3.433431
3.561315
3.698145
3.844907
4.002741
4.172960
4.357096
4.556939
4.774595
5.012563
5.273821
5.561953
5.881306
6.237204
6.636231
7.086626
7.598829
8.186251
8.866398
9.662528
10.606173
11.741082
13.129612
14.863479
17.082709
20.010899
