0.010000
0.020003
0.030010
0.040022
0.050043
0.060073
0.070116
0.080172
0.090245
0.100336
0.110448
0.120581
0.130739
0.140924
0.151138
0.161382
0.171660
0.181973
0.192323
0.202713
0.213146
0.223623
0.234147
0.244721
0.255346
0.266026
0.276763
0.287559
0.298418
0.309341
0.320333
0.331395
0.342530
0.353742
0.365034
0.376409
0.387869
0.399419
0.411061
0.422800
0.434638
0.446579
0.458628
0.470788
0.483062
0.495456
0.507973
0.520618
0.533396
0.546310
0.559367
0.572570
0.585925
0.599438
0.613113
0.626958
0.640977
0.655177
0.669564
0.684145
0.698927
0.713917
0.729123
0.744552
0.760213
0.776113
0.792262
0.808669
0.825344
0.842296
0.859536
0.877075
0.894924
0.913096
0.931603
0.950457
0.969674
0.989266
1.009251
1.029642
1.050458
1.071716
1.093434
1.115633
1.138332
1.161554
1.185322
1.209659
1.234593
1.260150
1.286360
1.313252
1.340860
1.369218
1.398363
1.428335
1.459175
1.490929
1.523643
1.557369
1.592163
1.628082
1.665189
1.703553
1.743246
1.784348
1.826942
1.871121
1.916984
1.964640
2.014204
2.065806
2.119583
2.175689
2.234289
2.295566
2.359721
2.426976
2.497574
2.571787
2.649915
2.732293
2.819296
2.911343
3.008906
3.112517
3.222778
3.340376
3.466092
3.600825
3.745611
3.901649
4.070339
4.253321
4.452530
4.670270
4.909298
5.172948
5.465287
5.791328
6.157322
6.571165
7.042975
7.585930
8.217520
8.961457
9.850703
10.932445
12.276646
13.991572
16.253875
19.371956
23.934388
31.211078
44.481323
