0.010000
0.020003
0.030009
0.040021
0.050041
0.060072
0.070114
0.080170
0.090243
0.100334
0.110445
0.120578
0.130736
0.140921
0.151134
0.161378
0.171655
0.181968
0.192318
0.202708
0.213140
0.223617
0.234141
0.244714
0.255339
0.266019
0.276755
0.287551
0.298409
0.309333
0.320324
0.331386
0.342521
0.353733
0.365024
0.376398
0.387858
0.399407
0.411049
0.422787
0.434625
0.446566
0.458614
0.470773
0.483047
0.495441
0.507957
0.520602
0.533379
0.546293
0.559348
0.572551
0.585906
0.599418
0.613092
0.626936
0.640954
0.655154
0.669540
0.684120
0.698902
0.713891
0.729095
0.744524
0.760183
0.776082
0.792230
0.808636
0.825310
0.842260
0.859499
0.877037
0.894885
0.913055
0.931560
0.950413
0.969627
0.989218
1.009200
1.029590
1.050404
1.071659
1.093375
1.115571
1.138268
1.161487
1.185252
1.209586
1.234517
1.260070
1.286276
1.313164
1.340768
1.369121
1.398262
1.428229
1.459063
1.490811
1.523519
1.557239
1.592025
1.627937
1.665036
1.703391
1.743075
1.784166
1.826749
1.870916
1.916767
1.964408
2.013957
2.065542
2.119301
2.175387
2.233965
2.295219
2.359348
2.426573
2.497139
2.571316
2.649404
2.731738
2.818692
2.910683
3.008183
3.111723
3.221904
3.339410
3.465021
3.599634
3.744281
3.900157
4.068658
4.251417
4.450363
4.667787
4.906437
5.169627
5.461402
5.786745
6.151863
6.564592
7.034962
7.576026
8.205082
8.945542
9.829890
10.904506
12.237937
13.935798
16.169425
19.235516
23.693625
30.729074
43.309966
