0.010000
0.020003
0.030009
0.040021
0.050042
0.060072
0.070115
0.080171
0.090244
0.100335
0.110446
0.120579
0.130737
0.140922
0.151135
0.161379
0.171657
0.181970
0.192320
0.202710
0.213142
0.223619
0.234143
0.244717
0.255342
0.266022
0.276758
0.287554
0.298413
0.309336
0.320328
0.331389
0.342525
0.353737
0.365028
0.376403
0.387863
0.399413
0.411055
0.422793
0.434631
0.446573
0.458621
0.470781
0.483055
0.495449
0.507966
0.520611
0.533388
0.546302
0.559359
0.572562
0.585917
0.599430
0.613105
0.626950
0.640969
0.655168
0.669556
0.684137
0.698919
0.713909
0.729115
0.744544
0.760204
0.776105
0.792254
0.808661
0.825336
0.842288
0.859529
0.877068
0.894918
0.913090
0.931596
0.950451
0.969668
0.989262
1.009246
1.029639
1.050455
1.071714
1.093433
1.115632
1.138333
1.161556
1.185325
1.209664
1.234599
1.260158
1.286369
1.313264
1.340874
1.369234
1.398383
1.428357
1.459201
1.490958
1.523677
1.557408
1.592206
1.628130
1.665244
1.703615
1.743315
1.784425
1.827028
1.871217
1.917092
1.964760
2.014338
2.065955
2.119750
2.175875
2.234497
2.295799
2.359981
2.427266
2.497899
2.572152
2.650325
2.732754
2.819816
2.911930
3.009570
3.113269
3.223633
3.341350
3.467206
3.602102
3.747081
3.903348
4.072310
4.255618
4.455222
4.673441
4.913058
5.177437
5.470688
5.797883
6.165355
6.581118
7.055462
7.601823
8.238088
8.988600
9.887363
10.983359
12.349819
14.101347
16.427935
19.669145
24.497283
32.456722
48.050146
