0.938881
0.950935
0.344460
0.874825
0.150917
0.721077
0.815285
0.118599
0.450844
0.727547
0.077126
0.489326
0.869911
0.876595
0.411232
0.143257
0.939369
0.574471
0.598854
0.736641
0.690468
0.727425
0.921242
0.425728
0.654457
0.741707
0.159645
0.866768
0.862587
0.523567
0.595314
0.216011
0.846107
0.479256
0.009499
0.129707
0.636269
0.515022
0.683449
0.764107
0.764320
0.037117
0.398415
0.775459
0.261513
0.951790
0.435646
0.320015
0.659096
0.665291
0.576393
0.054024
0.988319
0.083870
0.101906
0.133736
0.780434
0.613777
0.793434
0.215401
0.066689
0.161263
0.932228
0.455269
0.378334
0.132576
0.299538
0.509590
0.746620
0.433968
0.176613
0.534615
0.702797
0.471687
0.344704
0.186592
0.278114
0.151985
0.085060
0.621773
0.003822
0.881111
0.178932
0.496407
0.911171
0.565315
0.907570
0.966743
0.531410
0.610847
0.052223
0.689034
0.895790
0.923958
0.894142
0.819527
0.535561
0.910896
0.214577
0.014473
0.481972
0.477913
0.294777
0.430122
0.266273
0.031258
0.915993
0.722725
0.919716
0.477180
0.359474
0.048531
0.973549
0.221931
0.406471
0.063789
0.459023
0.171761
0.338234
0.924751
0.907387
0.732918
0.936012
0.287666
0.349892
0.811653
0.481056
0.308784
0.317787
0.814217
0.754616
0.644356
0.842323
0.646858
0.037941
0.450630
0.454750
0.715828
0.112282
0.383858
0.186317
0.927376
0.258888
0.600288
0.568275
0.687752
0.259010
0.756172
0.631874
0.903206
0.393898
0.007759
0.908363
0.979988
0.444801
0.011299
0.428993
0.824348
0.692970
0.923042
0.725014
0.842537
0.919655
0.399239
0.827675
0.940804
0.406105
0.596138
0.268227
0.525398
0.933571
0.169991
0.077919
0.502571
0.783302
0.277046
0.788002
0.278572
0.736549
0.573555
0.429726
0.759651
0.074562
0.215767
0.534340
0.352058
0.578590
0.859932
0.133095
0.962044
0.529884
0.662300
0.757240
0.995857
0.709694
0.279121
0.438026
0.359749
0.399269
0.866646
0.706703
0.459969
0.379860
0.081123
0.594521
0.202766
0.932716
0.078804
0.632729
0.994392
0.839088
0.515938
0.852577
0.741096
0.380226
0.548775
0.785316
0.849129
0.337379
0.833565
0.462196
0.224739
0.991798
0.526558
0.414467
0.274178
0.124733
0.284004
0.673378
0.903694
0.017433
0.262154
0.770180
0.519539
0.451149
0.117256
0.736122
0.027962
0.707130
0.005562
0.102455
0.835213
0.566628
0.583321
0.900429
0.847542
0.310890
0.006783
0.661293
0.471199
0.721169
0.932198
0.416298
0.612434
0.078712
0.515816
0.696693
0.677498
0.164772
0.413887
0.533730
0.572639
0.260597
0.782661
0.458656
0.704109
0.147438
0.278389
0.502724
0.978157
0.106544
0.057320
0.197182
0.801033
0.919167
0.775703
0.573280
0.078987
0.866554
0.589790
0.162270
0.218269
0.729958
0.155830
0.995399
0.125130
0.790627
0.630074
0.603920
0.205818
0.829811
0.668770
0.019081
0.366585
0.128761
0.428169
0.772133
0.013680
0.468727
0.564522
0.894325
0.053352
0.130959
0.234077
0.916908
0.891853
0.896706
0.093086
0.871132
0.435432
0.047218
0.297798
0.288246
0.090340
0.363747
0.504463
0.199501
0.762825
0.127541
0.869331
0.136147
0.859138
0.119850
0.048653
0.129433
0.285530
0.621925
0.198677
0.710609
0.448250
0.415016
0.975655
0.910927
0.253548
0.780373
0.535835
0.261635
0.107674
0.499245
0.535469
0.793983
0.916878
0.852882
0.130806
0.039223
0.087410
0.622536
0.978096
0.028603
0.525520
0.089455
0.233589
0.293373
0.637459
0.034889
0.553535
0.864784
0.329475
0.740089
0.094185
0.274086
0.007820
0.986305
0.511787
0.552528
0.578743
0.054787
0.962593
0.231361
0.448494
0.726784
0.102852
0.341835
0.523323
0.283546
0.088814
0.415199
0.209480
0.506325
0.576729
0.482704
0.413216
0.676369
0.722847
0.075600
0.540779
0.574928
0.183418
0.225136
0.498421
0.483253
0.114693
0.462563
0.692390
0.182594
0.172920
0.819130
0.028938
0.954201
0.514351
0.826088
0.914314
0.579323
0.795235
0.514687
0.254768
0.339211
0.171822
0.416176
0.456551
0.015114
0.300362
0.561806
0.425911
0.888283
0.337105
0.482826
0.569099
0.739967
0.938301
0.210487
0.792366
0.851418
0.260201
0.276039
0.501961
0.003883
0.959053
0.710732
0.604134
0.478615
0.191109
0.045815
0.505135
0.056862
0.612617
0.312538
0.111214
0.019875
0.379829
0.042152
0.828621
0.148903
0.148994
0.265907
0.563606
0.725197
0.076363
0.515053
0.722420
0.530006
0.818184
0.820839
0.211311
0.844582
0.530708
0.714516
0.436531
0.450172
0.870186
0.227333
0.304329
0.628029
0.992867
0.890541
0.220955
0.159401
0.555000
0.735390
0.092659
0.325539
0.712837
0.293129
0.325691
0.907692
0.122627
0.595009
0.826302
0.187111
0.940620
0.172279
0.000740
0.945045
0.823067
0.056190
0.755257
0.462746
0.926216
0.777992
0.496101
0.521461
0.906319
0.368935
0.129524
0.402443
0.919624
0.360268
0.061775
0.886940
0.622383
0.783241
0.199104
0.256203
0.170845
0.169106
0.947762
0.291481
0.221260
0.549110
0.213997
0.274025
0.929878
0.454506
0.404060
0.985085
0.952950
0.916542
0.424202
0.705910
0.446724
0.466469
0.680672
0.217751
0.067451
0.135536
0.079720
0.801857
0.971382
0.454994
0.027596
0.239479
0.814766
0.456093
0.430550
0.811867
0.753853
0.670082
0.694832
0.300270
0.444893
0.128212
0.726692
0.985939
0.044136
0.361732
0.932381
0.650124
0.207832
0.401894
0.218147
0.574074
0.092232
0.779945
0.990242
0.539040
0.353584
0.527138
0.154915
0.826271
0.148140
0.174721
0.118416
0.217018
0.132149
0.753944
0.786995
0.992531
0.461861
0.796059
0.566902
0.934059
0.793526
0.332314
0.364388
0.322853
0.283394
0.893959
0.585701
0.940163
0.587715
0.512245
0.137093
0.067238
0.862740
0.718422
0.424812
0.485329
0.764717
0.543739
0.355110
0.475685
0.449898
0.519447
0.334236
0.819557
0.574532
0.676796
0.268440
0.798195
0.294868
0.547035
0.563972
0.192848
0.267159
0.161415
0.127083
0.284767
0.647652
0.051186
0.364021
0.855202
0.092598
0.247597
0.181038
0.185402
0.758247
0.281898
0.984383
0.056618
0.300850
0.185341
0.680305
0.750099
0.876656
0.489174
0.675056
0.047096
0.141914
0.224648
0.874886
0.228859
0.252876
0.923012
0.686043
0.076637
0.865791
0.615517
0.014778
0.871681
0.136909
0.833412
0.267342
0.395241
0.722481
0.607948
0.349983
0.928566
0.778755
0.470375
0.668953
0.252907
0.961983
0.451942
0.130501
0.649513
0.428413
0.083900
0.140877
0.899635
0.834297
0.397499
0.606331
0.284523
0.335884
0.923988
0.933113
0.585426
0.589424
0.694618
0.027473
0.083595
0.751167
0.240639
0.295662
0.560280
0.477364
0.593300
0.643929
0.296730
0.924263
0.283852
0.478523
0.074196
0.748116
0.343544
0.705696
0.173927
0.105171
0.303627
0.731697
0.377174
0.651680
0.195351
0.462776
0.965187
0.543892
0.549965
0.305183
0.719215
0.438057
0.398720
0.165169
0.920509
0.490425
0.272865
0.448982
0.350319
0.357246
0.203651
0.062874
0.289894
0.194771
0.722328
0.413094
0.520485
0.659248
0.860146
0.405891
0.323341
0.906929
0.148354
0.447517
0.479713
0.594063
0.618202
0.444221
0.270851
0.876900
0.800941
0.802254
0.478004
0.411690
0.727821
0.427864
0.382423
0.354683
0.930092
0.727303
0.765358
0.362129
0.439003
0.606819
0.908058
0.590279
0.785805
0.472664
0.591774
0.695381
0.001747
0.231087
0.097755
0.833687
0.618080
0.288338
0.207253
0.661446
0.666054
0.550667
0.201515
0.334908
0.676918
0.424324
0.861794
0.510323
0.681923
0.815559
0.469337
0.343941
0.212318
0.130623
0.805397
0.492012
0.299355
0.275764
0.151222
0.110786
0.474281
0.657234
0.288063
0.856514
0.768349
0.181282
0.497169
0.885445
0.712807
0.254158
0.559792
0.853828
0.338905
0.782112
0.757179
0.917915
0.177895
0.171394
0.870583
0.733955
0.261024
0.328255
0.181252
0.458199
0.119545
0.658943
0.470436
0.746895
0.784706
0.069710
0.019386
0.756294
0.787758
0.966805
0.609352
0.142647
0.159950
0.256477
0.521584
0.062202
0.432533
0.344978
0.537331
0.171211
0.636757
0.138557
0.937843
0.625923
0.303871
0.043465
0.504372
0.082588
0.465126
0.965950
0.518166
0.697456
0.651772
0.312263
0.760475
0.126778
0.895058
0.988655
0.512550
0.526802
0.726234
0.401375
0.555641
0.553780
0.176552
0.456673
0.170998
0.363960
0.777260
0.560799
0.139870
0.613594
0.559608
0.620003
0.743507
0.458931
0.054848
0.040535
0.763161
0.556221
0.294228
0.728645
0.480080
0.061714
0.808998
0.090584
0.675514
0.631660
0.630409
0.032600
0.630714
0.422310
0.289711
0.960945
0.126930
0.089912
0.818153
0.781868
0.445412
0.790718
0.746986
0.901619
0.367409
0.180977
0.107460
0.226448
0.174171
0.416939
0.430824
0.162605
0.646950
0.154854
0.748329
0.616341
0.066994
0.550972
0.591225
0.993904
0.215553
0.261543
0.990761
0.201546
0.373878
0.442818
0.478188
0.645515
0.323219
0.751045
0.084755
0.232063
0.344826
0.342476
0.341713
0.367439
0.219948
0.873360
0.280312
0.957893
0.229836
0.499947
0.431801
0.409676
0.155739
0.878487
0.827431
0.629036
0.278908
0.165230
0.998451
0.022224
0.380592
0.016426
0.976112
0.495491
0.742043
0.588326
0.291664
0.455086
0.144508
0.537178
0.976357
0.807259
0.869240
0.019234
0.561440
0.958260
0.697487
0.690742
0.078163
0.814339
0.910500
0.707954
0.057777
0.781746
0.289528
0.727119
0.531532
0.766731
0.115822
0.904488
0.030678
0.175545
0.170631
0.896309
0.586464
0.914436
0.735207
0.858833
0.730141
0.389656
0.590797
0.448311
0.492958
0.507454
0.018654
0.820992
0.406166
0.674080
0.800026
0.633125
0.501015
0.795784
0.216164
0.040962
0.308754
0.278816
0.048317
0.700752
0.860634
0.029427
0.577736
0.768745
0.687904
0.453865
0.585670
0.901192
0.821815
0.458382
0.353371
0.254341
