0.186304
0.454405
0.208838
0.202527
0.161493
0.673611
0.511481
0.215142
0.573757
0.330239
0.384891
0.284295
0.482117
0.358151
0.148903
0.160031
0.280432
0.238212
0.753365
0.297025
0.967925
0.615221
0.759980
0.200217
0.730988
0.448481
0.771375
0.804433
0.135627
0.646286
0.358486
0.186705
0.293676
0.553185
0.279402
0.350437
0.372631
0.142909
0.557087
0.213800
0.348719
0.214418
0.449124
0.168123
0.567435
0.494150
0.198801
0.159127
0.869784
0.149770
0.349242
0.841885
0.680840
0.265417
0.168560
0.497686
0.879552
0.960745
0.400355
0.881446
0.620916
0.143522
0.164571
0.182348
0.586647
0.339758
0.472171
0.218603
0.358771
0.263040
0.345344
0.924446
0.416747
0.155102
0.155421
0.236477
0.566325
0.228306
0.278049
0.492581
0.252657
0.717524
0.414696
0.172019
0.190443
0.516503
0.632588
0.167505
0.496228
0.253260
0.147646
0.308116
0.268580
0.179541
0.415148
0.157561
0.450736
0.196021
0.254504
0.161711
0.380990
0.649437
0.149493
0.158777
0.744293
0.171680
0.277437
0.421512
0.289618
0.570000
0.207629
0.540686
0.408989
0.636218
0.687244
0.575527
0.328609
0.434742
0.712330
0.163065
0.813554
0.777128
0.371247
0.218504
0.139526
0.154122
0.254389
0.464694
0.223232
0.478391
0.555259
0.628435
0.310685
0.613346
0.737286
0.231240
0.778061
0.204550
0.720216
0.225340
0.861518
0.149538
0.900272
0.352351
0.702984
0.618706
0.202788
0.231007
0.268978
0.144452
0.278339
0.218828
0.829476
0.763529
0.353306
0.855162
0.869521
0.664108
0.397388
0.194105
0.317703
0.220654
0.901336
0.729341
0.135337
0.664542
0.168653
0.778071
0.135932
0.897524
0.175331
0.865319
0.991711
0.157846
0.304896
0.697157
0.721615
0.456859
0.161048
0.194098
0.487634
0.331221
0.313844
0.404481
0.252897
0.819320
0.345896
0.219899
0.544117
0.137455
0.315391
0.172868
0.224110
0.284273
0.931609
0.224113
0.188911
0.157119
0.174376
0.189745
0.141018
0.225909
0.164190
0.139849
0.263485
0.369902
0.720409
0.190134
0.168993
0.857281
0.272692
0.608908
0.283949
0.632374
0.246291
0.530607
0.518117
0.629483
0.862154
0.281916
0.639344
0.271915
0.360101
0.143283
0.571161
0.335473
0.237275
0.797271
0.389471
0.305722
0.151278
0.405824
0.510328
0.183532
0.419360
0.993558
0.501633
0.302110
0.188910
0.626389
0.258994
0.380640
0.381413
0.543399
0.240707
0.694119
0.288331
0.921522
0.436936
0.248586
0.259792
0.279353
0.499458
0.691256
0.295759
0.285271
0.231898
0.518534
0.227438
0.667360
0.158527
0.254231
0.270831
0.597781
0.344769
0.839216
0.593930
0.172947
0.253536
0.829045
0.800474
0.485196
0.315568
0.305311
0.263655
0.561269
0.211923
0.561716
0.517221
0.684202
0.139635
0.992868
0.191134
0.515325
0.686326
0.417699
0.147007
0.159158
0.216591
0.247053
0.784831
0.253708
0.464096
0.212557
0.151662
0.160006
0.178381
0.665580
0.204474
0.334177
0.551796
0.163676
0.162141
0.174129
0.369248
0.315878
0.722156
0.578208
0.177434
0.373515
0.395611
0.183070
0.370851
0.558720
0.697089
0.254525
0.233377
0.757209
0.299327
0.373498
0.187071
0.234921
0.700182
0.641510
0.368966
0.784650
0.758451
0.486322
0.522247
0.155084
0.162518
0.288174
0.187560
0.194708
0.370779
0.511738
0.454456
0.267761
0.295891
0.595823
0.738998
0.864944
0.805980
0.274058
0.483262
0.561840
0.515421
0.833354
0.425430
0.154280
0.311256
0.588062
0.267806
0.217936
0.377248
0.730122
0.171003
0.286124
0.355074
0.659887
0.327876
0.426391
0.190162
0.454400
0.613452
0.520989
0.232534
0.278787
0.139500
0.508400
0.166107
0.761741
0.439738
0.989241
0.208761
0.212509
0.555795
0.795062
0.177095
0.236452
0.906354
0.407298
0.139048
0.242727
0.655888
0.387597
0.177220
0.828748
0.819453
0.464966
0.546880
0.268678
0.198257
0.768431
0.902112
0.898665
0.400344
0.209771
0.250536
0.412664
0.788027
0.307502
0.314343
0.346526
0.304194
0.484890
0.544128
0.169069
0.385517
0.712026
0.295390
0.349415
0.290007
0.303494
0.626684
0.190212
0.869201
0.820637
0.157638
0.712269
0.381568
0.637002
0.191371
0.558971
0.489493
0.172639
0.502328
0.195965
0.267592
0.929922
0.597538
0.210870
0.285953
0.187832
0.539931
0.642738
0.672979
0.293792
0.802948
0.259445
0.209187
0.237183
0.669848
0.448263
0.531891
0.419783
0.630027
0.462321
0.344489
0.733852
0.329297
0.971262
0.467466
0.465644
0.542908
0.228821
0.593992
0.272718
0.331333
0.158947
0.253606
0.197984
0.247660
0.535850
0.274782
0.988062
0.344411
0.184922
0.290285
0.276544
0.354506
0.448692
0.484660
0.237465
0.201132
0.257786
0.736570
0.936332
0.880627
0.253740
0.687129
0.289988
0.246448
0.321209
0.997752
0.988647
0.543091
0.592656
0.269621
0.179944
0.696058
0.505246
0.263242
0.172386
0.270736
0.534481
0.170328
0.688989
0.730316
0.365342
0.190536
0.258901
0.163926
0.682343
0.454280
0.243623
0.175899
0.334608
0.228112
0.154901
0.627358
0.156742
0.331912
0.154611
0.372018
0.331166
0.152856
0.202040
0.196267
0.304527
0.268635
0.136613
0.153861
0.522525
0.174014
0.307797
0.279280
0.219008
0.212069
0.203962
0.591219
0.298568
0.390187
0.716119
0.203726
0.177254
0.174463
0.264787
0.438250
0.294063
0.303068
0.274940
0.340577
0.743279
0.314100
0.936199
0.246148
0.354764
0.189149
0.356972
0.798280
0.375454
0.360343
0.907557
0.196184
0.463329
0.279344
0.404848
0.749789
0.437729
0.610141
0.443289
0.965689
0.238069
0.317448
0.196736
0.311809
0.409227
0.384919
0.136650
0.889188
0.861982
0.277611
0.302837
0.640693
0.644310
0.283516
0.157706
0.228578
0.396252
0.415978
0.182469
0.148774
0.149895
0.165601
0.215665
0.513175
0.341815
0.645150
0.384773
0.149622
0.393633
0.170566
0.144489
0.692442
0.400085
0.210042
0.215910
0.163726
0.597399
0.218008
0.145583
0.514947
0.447196
0.325768
0.329923
0.288133
0.682457
0.384458
0.486650
0.270425
0.159926
0.656139
0.297279
0.177131
0.802876
0.473733
0.671658
0.274435
0.305629
0.258436
0.303407
0.888944
0.325711
0.323928
0.615542
0.962885
0.502740
0.982017
0.157649
0.300336
0.214087
0.169586
0.154657
0.707421
0.408214
0.377026
0.203831
0.278589
0.144950
0.732954
0.556672
0.171288
0.480919
0.165487
0.224187
0.386118
0.579277
0.150577
0.782977
0.177044
0.287541
0.237561
0.157382
0.692026
0.568606
0.715817
0.666341
0.285861
0.702944
0.776205
0.634382
0.150491
0.972649
0.724953
0.786645
0.397049
0.273326
0.160343
0.817329
0.292745
0.868390
0.454984
0.370515
0.417626
0.556352
0.613769
0.161253
0.322282
0.682892
0.932923
0.421605
0.196360
0.221626
0.490286
0.135886
0.931152
0.350955
0.669052
0.266180
0.246702
0.519321
0.168860
0.274330
0.505117
0.904534
0.215800
0.200556
0.247233
0.255676
0.163920
0.534791
0.222027
0.551085
0.198148
0.685143
0.306597
0.898635
0.816353
0.730117
0.613670
0.761594
0.307821
0.890382
0.168789
0.150920
0.894005
0.157168
0.391371
0.598135
0.309121
0.713428
0.310625
0.385695
0.195715
0.156902
0.348874
0.312079
0.232516
0.637328
0.589581
0.281628
0.340837
0.967247
0.155201
0.499029
0.662703
0.351601
0.448444
0.541000
0.256710
0.275197
0.412022
0.583889
0.245031
0.513870
0.651129
0.219058
0.596770
0.254833
0.968163
0.184474
0.181805
0.300735
0.525737
0.262916
0.348659
0.183416
0.606276
0.599023
0.863751
0.357448
0.168701
0.294398
0.345741
0.193464
0.146913
0.229124
0.502621
0.486808
0.915916
0.953395
0.989899
0.377378
0.556676
0.242555
0.193923
0.362468
0.392609
0.855118
0.682518
0.380109
0.157747
0.916870
0.844659
0.612800
0.241060
0.294498
0.830509
0.146149
0.176411
0.717352
0.386009
0.219904
0.211187
0.986137
0.314357
0.229254
0.225947
0.158003
0.824640
0.206949
0.150639
0.816310
0.577069
0.619625
0.198001
0.826888
0.224594
0.574401
0.707087
0.153289
0.218335
0.824183
0.140546
0.184419
0.505059
0.250342
0.401307
0.419456
0.270345
0.523108
0.300898
0.771089
0.849991
0.469544
0.760399
0.267201
0.795394
0.171810
0.311954
0.655914
0.262724
0.347229
0.535429
0.151610
0.215152
0.783352
0.926325
0.357053
0.449959
0.654993
0.404421
0.725914
0.539834
0.419993
0.989189
0.272648
0.776900
0.396969
0.845042
0.210031
0.207658
0.254271
0.161952
0.176507
0.882190
0.909950
0.348489
0.701688
0.156339
0.803282
0.460247
0.303497
0.278923
0.246430
0.339994
0.443423
0.193041
0.314945
0.158326
0.641817
0.206287
0.473122
0.465904
0.822850
0.198708
0.460867
0.224349
0.154376
0.182950
0.189584
0.239581
0.280717
0.356195
0.286701
0.366117
0.314232
0.260883
0.942752
0.220493
0.301371
0.757296
0.749849
0.675842
0.211227
0.184785
0.229782
0.692082
0.263576
0.534738
0.809651
0.169168
0.815082
0.383064
0.582375
0.670690
0.562439
0.268398
0.150468
0.641571
0.362827
0.210783
0.153708
0.752588
0.554769
0.325623
0.275535
0.174326
0.627698
0.259761
0.284018
0.189170
0.196716
0.212970
0.944684
0.307029
0.290787
0.217072
0.212489
0.566330
0.857695
0.172042
0.707906
0.699092
0.486961
0.412267
0.468874
0.273886
0.817609
0.521303
0.175717
0.296650
0.811924
0.199572
0.223256
0.450431
0.480181
0.454536
0.580202
0.301408
0.872433
0.164788
0.421305
0.171622
0.259318
0.398000
0.389350
0.557182
0.638374
0.611315
0.315549
0.547530
0.777121
0.223379
0.382774
0.378427
0.680470
0.179473
0.765845
0.556358
0.691318
0.994360
0.165044
0.561298
0.198447
0.272264
0.252826
0.704106
0.914426
0.146690
0.212224
0.797775
0.178614
0.660662
0.136915
0.342245
0.262943
0.393896
0.190693
0.167856
0.240794
0.444620
0.679101
0.187126
0.733872
0.259942
0.523246
0.499378
0.344718
0.400725
0.277833
0.238310
0.398465
0.338822
0.988382
0.584284
0.681635
0.249888
0.411398
0.623305
0.270855
0.645126
0.497257
0.357470
0.426210
0.503063
0.903994
0.828085
0.198154
0.172385
0.138999
0.352565
0.566340
0.697486
0.487486
0.415621
0.181306
0.255075
0.207552
0.461812
0.755273
0.426088
0.813198
0.300950
0.144368
0.803750
0.175840
0.727131
0.200848
0.534526
0.453224
0.401969
0.344837
0.225369
0.143692
0.146973
0.837732
0.959813
0.899293
0.166000
0.165457
0.923639
0.432450
0.692393
0.644225
0.210814
0.287773
0.863056
0.397334
0.441333
0.398570
0.300096
0.188047
0.324116
0.667334
0.200598
0.260508
0.867063
0.145861
0.386614
0.463468
0.488473
0.155407
0.159821
0.813437
0.165003
0.173564
0.681442
0.158372
0.156085
0.835847
0.193621
0.144166
0.361462
0.990592
0.686262
0.563054
0.285066
0.592282
0.223721
0.929608
0.236066
0.496084
0.174810
0.565357
0.331054
0.259108
0.147280
0.287044
0.279260
0.420737
0.983009
0.136411
0.483137
0.157105
0.819902
0.589048
0.201484
0.558716
0.689315
0.232375
0.467001
0.986188
0.247538
0.168803
0.976909
0.169876
0.702296
0.278483
0.743445
0.157118
0.258880
0.175502
0.575931
0.334391
0.733151
0.190664
0.640212
0.797860
0.404395
0.178786
0.335689
0.397524
0.180207
0.162184
0.461470
0.147752
0.705907
0.687024
0.609976
0.486592
0.159647
0.284859
0.479871
0.292006
0.355304
0.468791
0.366532
0.249529
0.964645
0.272496
0.289691
0.249728
0.353371
0.166842
0.617035
0.259074
0.235052
0.395033
0.206705
0.702357
0.521861
0.512717
0.279204
0.694887
0.614433
0.952037
0.758640
0.433733
0.654072
0.462752
0.211051
0.771571
0.974021
0.748344
0.225303
0.346073
0.350817
0.610193
0.638083
0.338414
0.166275
0.184847
0.624459
0.434158
0.227881
0.385313
0.831115
0.395785
0.152211
0.171796
0.277983
0.586936
0.650846
0.573493
0.407854
0.399901
0.545987
0.309415
0.173450
0.357115
0.143182
0.270490
0.275539
0.139463
0.202420
0.458712
0.356627
0.524714
0.279903
0.227558
0.177570
0.343893
0.310809
0.819338
0.149304
0.523347
0.315701
0.916899
0.207133
0.355069
0.157519
0.425457
0.208402
0.757532
0.243997
0.628053
0.302938
0.984363
0.194329
0.388256
0.351531
0.205597
0.775994
0.715709
0.211867
0.157077
0.328304
0.558298
0.609008
0.679004
0.938744
0.799065
0.233505
0.291770
0.654704
0.257607
0.152697
0.206691
0.236199
0.233706
0.542279
0.274916
0.734707
0.835054
0.208258
0.179266
0.524458
0.466170
0.176463
0.753073
0.180993
0.458360
0.154829
0.140450
0.328052
0.242384
0.163012
0.795807
0.999906
0.733555
0.540356
0.938656
0.586158
0.932321
0.273872
0.383760
0.240172
0.309006
0.586098
0.419170
0.533612
0.317828
0.851490
0.392049
0.265404
0.177329
0.519311
0.139193
0.610821
0.677128
0.774540
0.816893
0.310368
0.886107
0.847763
0.752331
0.214778
0.138196
0.598711
0.214758
0.749060
0.323517
0.201584
0.439067
0.301622
0.407936
0.168496
0.535271
0.931426
0.729709
0.224369
0.497020
0.231922
0.191048
0.194856
0.454819
0.250330
0.747705
0.467784
0.152907
0.506292
0.362318
0.922956
0.157137
0.321052
0.782448
0.873528
0.509512
0.798987
0.522990
0.808525
0.598489
0.169196
0.162986
0.262777
0.377088
0.491282
0.327165
0.201844
0.457593
0.238736
0.334633
0.227433
0.409118
0.472391
0.327458
0.186074
0.873782
0.244842
0.643163
0.987231
0.915960
0.233029
0.911170
0.143931
0.552809
0.712943
0.929011
0.281663
0.569632
0.485863
0.227731
0.340919
0.607427
0.274259
0.661954
0.229053
0.995591
0.216568
0.341619
0.455575
0.382033
0.844694
0.765600
0.156297
0.399026
0.250702
0.214894
0.348661
0.453558
0.138212
0.344209
0.415441
0.237983
0.313633
0.441828
0.972096
0.223603
0.410463
0.273803
0.941154
0.199429
0.460735
0.320857
0.895099
0.933687
0.212393
0.205025
0.929571
0.339878
0.517532
0.423489
0.959430
0.437157
0.324224
0.149956
0.174437
0.600608
0.238109
0.449398
0.272411
0.243171
0.154687
0.836223
0.427608
0.358480
0.369467
0.415677
0.592285
0.151653
0.840976
0.557432
0.223474
0.387467
0.178856
0.200031
0.361773
0.280693
0.303036
0.336294
0.704928
0.156831
0.142417
0.676329
0.506591
0.341189
0.749392
0.652957
0.204921
0.178437
0.293437
0.412476
0.320617
0.335396
0.344922
0.137099
0.888406
0.941642
0.421092
0.526190
0.142802
0.354128
0.293315
0.235804
0.137213
0.387639
0.348529
0.366792
0.803986
0.780408
0.911439
0.566752
0.904361
0.959131
0.383310
0.458141
0.327245
0.287250
0.299146
0.495504
0.378734
0.648616
0.204384
0.897243
0.217543
0.520902
0.908933
0.193267
0.490503
0.382745
0.751430
0.517567
0.135541
0.220406
0.901793
0.137421
0.631304
0.314301
0.372446
0.507559
0.245283
0.339462
0.287660
0.221824
0.325589
0.814740
0.750926
0.787282
0.234034
0.224637
0.390102
0.654942
0.145703
0.589132
0.587642
0.234209
0.306880
0.534128
0.334464
0.150526
0.204435
0.251326
0.575659
0.204745
0.409307
0.519125
0.207901
0.258397
0.163161
0.572149
0.969089
0.295715
0.194223
0.278768
0.484698
0.467260
0.227124
0.363972
0.367866
0.392763
0.604141
0.143505
0.257237
0.650423
0.624696
0.151163
0.152335
0.191707
0.596597
0.376476
0.213224
0.901207
0.699141
0.906965
0.184518
0.286163
0.470828
0.283455
0.546375
0.567635
0.162179
0.529486
0.167858
0.232747
0.147604
0.601178
0.803583
0.247714
0.218812
0.295611
0.718902
0.976783
0.313456
0.184928
0.635322
0.195815
0.206557
0.715126
0.277377
0.910561
0.269228
0.437015
0.820604
0.188228
0.396357
0.151416
0.398004
0.186616
0.317135
0.217460
0.782722
0.380038
0.850790
0.970820
0.653580
0.927917
0.583635
0.525206
0.229858
0.943630
0.155257
0.165245
0.921722
0.359596
0.225798
0.585590
0.520295
0.344627
0.418771
0.144318
0.313804
0.833078
0.466021
0.257508
0.156809
0.184711
0.288106
0.461155
0.254701
0.675126
0.740993
0.199360
0.256573
0.630429
0.193543
0.167691
0.584986
0.834655
0.650773
0.993559
0.787606
0.746566
0.164181
0.725953
0.268463
0.273925
0.425111
0.139680
0.697542
0.178024
0.148951
0.218891
0.148308
0.512905
0.416494
0.171840
0.700033
0.886644
0.585544
0.178299
0.598597
0.433884
0.262649
0.153584
0.273533
0.375613
0.190303
0.160013
0.313508
0.915091
0.158982
0.246921
0.683176
0.192868
0.179253
0.183407
0.390374
0.563064
0.189295
0.272302
0.740672
0.208339
0.440422
0.811670
0.789581
0.183433
0.139477
0.552733
0.162640
0.603464
0.728204
0.719367
0.261833
0.191262
0.816367
0.529204
0.530834
0.155357
0.625701
0.166421
0.142166
0.735029
0.303636
0.717657
0.141763
0.402169
0.972573
0.408916
0.226447
0.184103
0.822763
0.167723
0.283413
0.362363
0.136135
0.223778
0.491145
0.140302
0.913948
0.590236
0.625610
0.665540
0.424596
0.163805
0.940572
0.346626
0.640530
0.499287
0.397907
0.400781
0.613969
0.417990
0.294585
0.186423
0.299974
0.308577
0.553984
0.291746
0.932368
0.926942
0.396877
0.767118
0.155469
0.831122
0.277975
0.156389
0.185987
0.136526
0.162128
0.169982
0.595428
0.749462
0.835924
0.252817
0.907123
0.786246
0.647524
0.581040
0.392563
0.257655
0.232870
0.241022
0.795780
0.506889
0.332005
0.238713
0.156414
0.183926
0.514601
0.145836
0.170489
0.204233
0.826638
0.195852
0.169743
0.229784
0.226320
0.233271
0.231806
0.271125
0.292991
0.138024
0.203198
0.244918
0.257839
0.184325
0.192566
0.166957
0.791370
0.558569
0.317857
0.184286
0.994769
0.252944
0.690230
0.330268
0.446158
0.797737
0.448847
0.229593
0.859633
0.565435
0.346477
0.710605
0.818278
0.434564
0.163286
0.185193
0.749039
0.279680
0.371007
0.219461
0.285236
0.557044
0.397162
0.543429
0.758689
0.565113
0.670403
0.600404
0.315655
0.213092
0.817570
0.314004
0.398272
0.564312
0.766286
0.177693
0.450172
0.343945
0.301452
0.386983
0.194479
0.771758
0.274992
0.159138
0.335378
0.331786
0.217764
0.251211
0.685660
0.596977
0.407367
0.195575
0.332542
0.161791
0.785317
0.252296
0.675581
0.526479
0.151480
0.213251
0.828967
0.915098
0.494782
0.330155
0.516401
0.379144
0.433487
0.232469
0.963569
0.965567
0.664732
0.187394
0.745184
0.182796
0.220352
0.249918
0.448140
0.354562
0.463902
0.307271
0.211665
0.188978
0.444043
0.520099
0.225920
0.348714
0.969584
0.152627
0.183591
0.146872
0.240498
0.152191
0.993108
0.879252
0.371274
0.512841
0.333363
0.160942
0.880923
0.321218
0.155400
0.585577
0.444779
0.855667
0.790934
0.724187
0.213847
0.354449
0.256769
0.733023
0.804757
0.401589
0.138525
0.357346
0.208866
0.231245
0.920763
0.202513
0.260792
0.169044
0.219777
0.463440
0.190097
0.218262
0.407481
0.521505
0.827087
0.135839
0.620179
0.728599
0.322414
0.712129
0.426651
0.143403
0.609345
0.337453
0.767359
0.962842
0.883803
0.197034
0.705786
0.711246
0.584673
0.722423
0.254161
0.902341
0.167057
0.234022
0.182736
0.321919
0.292311
0.296754
0.149190
0.410591
0.478590
0.449196
0.214125
0.395836
0.450869
0.981238
0.288405
0.145367
0.698768
0.909213
0.154033
0.425791
0.306816
0.873373
0.409969
0.271165
0.172085
0.289350
0.192865
0.743437
0.209033
0.362203
0.670833
0.258029
0.626324
0.905791
0.613768
0.183081
0.268797
0.676601
0.555447
0.950554
0.303927
0.878820
0.376263
0.137031
0.862332
0.801834
0.147188
0.602570
0.729037
0.167523
0.256569
0.223680
0.146310
0.777220
0.448178
0.186039
0.224889
0.638696
0.138308
0.347354
0.231338
0.685571
0.662262
0.144892
0.620984
0.406475
0.196010
0.166919
0.275021
0.804471
0.158665
0.617624
0.706985
0.441126
0.625363
0.609656
0.353710
0.680133
0.367360
0.257867
0.841892
0.696441
0.426200
0.910163
0.541288
0.191014
0.169326
0.899466
0.901462
0.173046
0.312433
0.208542
0.876603
0.206913
0.223269
0.544357
0.621455
0.323367
0.671393
0.170913
0.260139
0.787132
0.779991
0.183914
0.347224
0.487778
0.828494
0.907498
0.331754
0.304356
0.234014
0.279301
0.211966
0.736961
0.254209
0.847779
0.140770
0.318057
0.762549
0.937660
0.406682
0.238246
0.195542
0.356499
0.364251
0.322594
0.194062
0.226366
0.770797
0.962736
0.285875
0.200514
0.757801
0.222980
0.272490
0.263127
0.803668
0.225756
0.238787
0.266620
0.507704
0.412898
0.550242
0.795179
0.304290
0.139877
0.674136
0.316508
0.328730
0.514061
0.296777
0.987831
0.904959
0.428804
0.352160
0.329632
0.138329
0.504976
0.551352
0.787850
0.486159
0.157618
0.157975
0.368411
0.259692
0.318074
0.716287
0.208706
0.530588
0.171040
0.411166
0.269382
0.521831
0.226241
0.214207
0.158788
0.233833
0.144405
0.371356
0.567980
0.548510
0.814349
0.561068
0.496379
0.349196
0.197586
0.163623
0.356921
0.737251
0.666594
0.281200
0.358421
0.776345
0.328242
0.975698
0.201611
0.771457
0.698880
0.310913
0.409326
0.883262
0.944593
0.814754
0.460913
0.213706
0.174526
0.540785
0.369241
0.186221
0.200824
0.209722
0.754751
0.163541
0.869456
0.374643
0.421973
0.171792
0.452949
0.150611
0.935853
0.301933
0.312940
0.335429
0.234404
0.759004
0.327278
0.349195
0.585539
0.228728
0.802225
0.239676
0.202027
0.757776
0.195277
0.688045
0.161941
0.251826
0.372085
0.441831
0.346513
0.552136
0.684681
0.261531
0.667208
0.595300
0.723983
0.281544
0.755663
0.327927
0.313322
0.707190
0.731606
0.724506
0.237212
0.171491
0.549903
0.573644
0.442486
0.321990
0.969506
0.354974
0.570238
0.195866
0.268991
0.822804
0.995783
0.321872
0.207203
0.370515
0.142213
0.530524
0.204575
0.719475
0.138748
0.136494
0.428303
0.742241
0.283955
0.323653
0.243401
0.657399
0.228884
0.178074
0.476290
0.401182
0.225648
0.261913
0.230136
0.737769
0.623143
0.223118
0.261888
0.355340
0.322911
0.520526
0.292375
0.321549
0.167543
0.447637
0.880324
0.176057
0.237482
0.180092
0.935961
0.243471
0.181634
0.400875
0.180714
0.381097
0.958689
0.325016
0.250533
0.219429
0.427655
0.881709
0.650466
0.713040
0.230931
0.149695
0.526058
0.143903
0.246793
0.137769
0.377835
0.588849
0.529885
0.816266
0.189344
0.655988
0.365391
0.166684
0.853371
0.641177
0.221808
0.798722
0.156108
0.297691
0.320188
0.208453
0.838281
0.306961
0.500611
0.210017
0.497698
0.214089
0.185174
0.323735
0.152654
0.315974
0.358086
0.593377
0.335977
0.652994
0.604046
0.937997
0.384515
0.320075
0.765655
0.537964
0.209965
0.279764
0.662577
0.179178
0.179378
0.146965
0.143114
0.206911
0.323272
0.338590
0.318699
0.270993
0.767974
0.159544
0.420535
0.382219
0.252385
0.575402
0.914304
0.284682
0.181812
0.327400
0.168924
0.451358
0.213790
0.753962
0.423373
0.607420
0.241324
0.324158
0.326770
0.374401
0.670095
0.216511
0.495691
0.888167
0.235116
0.524180
0.183772
0.561616
0.177482
0.432761
0.152194
0.136302
0.510173
0.472921
0.384949
0.951416
0.272120
0.351960
0.270851
0.365570
0.851453
0.338073
0.165003
0.182032
0.254894
0.516183
0.817007
0.454517
0.167325
0.266974
0.170172
0.828487
0.427107
0.623286
0.735834
0.742007
0.326714
0.999189
0.416723
0.428462
0.432410
0.468635
0.431522
0.220604
0.221627
0.166114
0.209886
0.445628
0.432005
0.420053
0.162908
0.367832
0.142009
0.198621
0.494750
0.267463
0.757561
0.404214
0.898261
0.936627
0.797387
0.152859
0.775983
0.340570
0.703989
0.570995
0.252705
0.230003
0.570532
0.778126
0.728174
0.246704
0.364657
0.314223
0.402141
0.597168
0.385686
0.623664
0.266115
0.166618
0.261972
0.320332
0.452856
0.274890
0.470126
0.224050
0.543264
0.356149
0.669185
0.487993
0.333579
0.533600
0.551178
0.258851
0.181728
0.388024
0.147803
0.339332
0.659449
0.623091
0.264043
0.480194
0.153719
0.711456
0.150888
0.456766
0.424859
0.430009
0.284869
0.835414
0.529405
0.551428
0.267610
0.239744
0.151582
0.929622
0.396902
0.608481
0.331084
0.265601
0.296934
0.816066
0.141725
0.163664
0.211240
0.190308
0.469244
0.230700
0.477166
0.309443
0.143747
0.930964
0.148592
0.163274
0.662339
0.165669
0.551060
0.281401
0.526390
0.156980
0.235086
0.278674
0.639620
0.464856
0.493666
0.716404
0.432141
0.195937
0.435918
0.143075
0.384534
0.956432
0.862735
0.402688
0.156533
0.182244
0.566257
0.542743
0.310664
0.270198
0.167948
0.329974
0.251545
0.184400
0.398093
0.166608
0.225730
0.219373
0.346426
0.877984
0.254458
0.601764
0.244671
0.162757
0.279734
0.892492
0.861560
0.893221
0.174872
0.375569
0.944302
0.496871
0.359207
0.814682
0.200084
0.415470
0.148471
0.837171
0.225493
0.340817
0.226202
0.279832
0.830978
0.420437
0.381282
0.330806
0.517591
0.635954
0.536223
0.179307
0.558358
0.136446
0.797281
0.136614
0.164093
0.223027
0.900924
0.141376
0.199212
0.157546
0.392332
0.188116
0.578416
0.140928
0.153255
0.855147
0.432640
0.168130
0.715904
0.720858
0.423405
0.161939
0.201719
0.351840
0.503086
0.568307
0.860018
0.260393
0.361417
0.461162
0.344996
0.201800
0.464948
0.275059
0.203707
0.563744
0.453285
0.183524
0.588906
0.667230
0.213644
0.231047
0.927451
0.913102
0.240595
0.142136
0.780836
0.769135
0.176579
0.559004
0.554437
0.552438
0.668891
0.826396
0.194370
0.336510
0.469646
0.167161
0.647464
0.169738
0.569611
0.223373
0.253099
0.264839
0.453989
0.380964
0.149302
0.205786
0.516613
0.649679
0.137307
0.815539
0.150106
0.940962
0.744670
0.266855
0.988249
0.581465
0.205247
0.174504
0.325041
0.840849
0.712326
0.217417
0.694874
0.138455
0.540606
0.326345
0.171014
0.350023
0.409303
0.719780
0.577717
0.765463
0.190626
0.262277
0.291614
0.210298
0.398810
0.150652
0.136626
0.404620
0.907836
0.151538
0.380732
0.676038
0.298804
0.376258
0.393092
0.453160
0.485155
0.944109
0.381040
0.345588
0.205266
0.264775
0.353553
0.819947
0.638473
0.446762
0.287000
0.261329
0.321571
0.165805
0.200038
0.452947
0.321327
0.431031
0.703836
0.946895
0.479812
0.710551
0.383132
0.435591
0.795622
0.145871
0.294476
0.237735
0.405548
0.855329
0.796038
0.196754
0.807523
0.303322
0.502424
0.165757
0.593430
0.177634
0.135912
0.378889
0.586396
0.288223
0.731625
0.188568
0.353114
0.146353
0.631108
0.838400
0.466120
0.444197
0.793876
0.223650
0.315624
0.304160
0.719842
0.251118
0.327837
0.211976
0.441122
0.982403
0.181309
0.351150
0.193291
0.146411
0.787019
0.717582
0.179322
0.467040
0.941858
0.180086
0.176956
0.552302
0.383529
0.956628
0.769543
0.135430
0.140005
0.485664
0.838984
0.482203
0.215731
0.666049
0.796872
0.503120
0.202585
0.573622
0.933550
0.490744
0.898465
0.411810
0.482108
0.162900
0.144607
0.688566
0.176232
0.840936
0.494102
0.233511
0.392751
0.465374
0.310726
0.513537
0.257027
0.880573
0.491264
0.197793
0.881187
0.508214
0.709802
0.739301
0.245063
0.153126
0.492411
0.195284
0.569258
0.737097
0.827715
0.531431
0.361726
0.743673
0.218848
0.174391
0.895142
0.233841
0.887276
0.157753
0.196645
0.438405
0.272191
0.570676
0.204022
0.624943
0.293063
0.387477
0.550308
0.143971
0.566300
0.484924
0.540645
0.401960
0.358505
0.978990
0.454800
0.176532
0.191181
0.258899
0.961473
0.158243
0.137587
0.347790
0.869552
0.222489
0.448157
0.778372
0.384431
0.397638
0.907304
0.558587
0.174327
0.246960
0.318772
0.262803
0.154336
0.690288
0.752428
0.627569
0.734337
0.426100
0.304323
0.397016
0.171275
0.806157
0.388674
0.575578
0.142312
0.549058
0.149016
0.136830
0.641996
0.151495
0.351630
0.558249
0.249056
0.157585
0.434525
0.707462
0.463012
0.394247
0.395179
0.596410
0.719421
0.930814
0.156738
0.820425
0.642530
0.871424
0.514874
0.471834
0.371313
0.156688
0.187325
0.469920
0.933350
0.537986
0.270475
0.981469
0.295386
0.297818
0.992306
0.189637
0.333379
0.348924
0.782238
0.613513
0.406289
0.339902
0.434037
0.188117
0.990173
0.171522
0.829014
0.712351
0.159655
0.960122
0.584431
0.757995
0.836673
0.300908
0.357648
0.310668
0.348384
0.495041
0.145989
0.325165
0.266325
0.291767
0.319139
0.581288
0.642061
0.316683
0.814522
0.214050
0.816480
0.637150
0.970347
0.331727
0.216569
0.421166
0.461103
0.214440
0.533781
0.382261
0.152757
0.629703
0.367017
0.659664
0.477312
0.307073
0.198498
0.170710
0.704900
0.510980
0.624436
0.760390
0.166153
0.166303
0.221857
0.391811
0.714301
0.142446
0.916834
0.581814
0.225295
0.748576
0.370702
0.218615
0.248323
0.593212
0.680333
0.846065
0.939952
0.363149
0.323417
0.143584
0.228676
0.877079
0.699871
0.806514
0.269327
0.138923
0.137680
0.189849
0.524526
0.635253
0.144359
0.643967
0.780613
0.236650
0.252313
0.557593
0.249083
0.231329
0.324415
0.414653
0.173167
0.888619
0.669812
0.317740
0.527139
0.455695
0.268829
0.495486
0.165485
0.642433
0.525686
0.279620
0.563465
0.367912
0.225518
0.151756
0.377665
0.229424
0.212884
0.198095
0.145742
0.227079
0.942599
0.840641
0.397074
0.237830
0.468735
0.730809
0.406524
0.152065
0.303032
0.520165
0.998466
0.202975
0.165277
0.526331
0.683448
0.328305
0.260789
0.835706
0.210914
0.137093
0.233680
0.878136
0.372691
0.389396
0.984686
0.140752
0.660116
0.209624
0.206025
0.710877
0.351729
0.194199
0.597592
0.139662
0.341273
0.280112
0.754175
0.138736
0.314739
0.228539
0.533235
0.314256
0.342761
0.651210
0.165402
0.234259
0.213796
0.318728
0.195772
0.333192
0.322868
0.338035
0.292588
0.889125
0.972620
0.288107
0.924715
0.642041
0.446257
0.190514
0.456412
0.156961
0.273377
0.272748
0.161980
0.689372
0.564526
0.902655
0.706693
0.177678
0.206292
0.376834
0.412578
0.522473
0.245398
0.504240
0.904377
0.387667
0.160715
0.177052
0.954425
0.383417
0.442233
0.279253
0.340906
0.430125
0.594485
0.315241
0.276158
0.265293
0.443771
0.931330
0.307685
0.896417
0.254019
0.368261
0.617965
0.143400
0.332413
0.436712
0.188266
0.506698
0.164568
0.573942
0.264736
0.298404
0.289404
0.239421
0.854775
0.343678
0.313221
0.815819
0.973672
0.138517
0.227820
0.331931
0.440236
0.135435
0.773177
0.898322
0.265489
0.343113
0.836635
0.603590
0.307572
0.212521
0.222279
0.190069
0.225186
0.545964
0.613332
0.313258
0.276639
0.745812
0.179792
0.541147
0.222553
0.384471
0.957340
0.190233
0.976348
0.299859
0.155195
0.950642
0.306909
0.261252
0.315547
0.998353
0.261445
0.243974
0.896843
0.512880
0.618542
0.750330
0.309569
0.190247
0.159461
0.508445
0.267188
0.265328
0.277593
0.163875
0.614151
0.567427
0.903090
0.815894
0.307061
0.200985
0.313688
0.293962
0.282513
0.306269
0.651326
0.323971
0.291152
0.199898
0.625395
0.678848
0.199568
0.163506
0.165621
0.178981
0.619639
0.756962
0.992313
0.191821
0.144009
0.158235
0.720657
0.284313
0.310224
0.200049
0.344270
0.190524
0.838757
0.310906
0.155448
0.257550
0.461724
0.360305
0.559425
0.963851
0.815384
0.364368
0.312260
0.237400
0.538191
0.195286
0.161159
0.793627
0.235936
0.197223
0.142044
0.146195
0.149291
0.140953
0.207214
0.158859
0.164803
0.149330
0.333732
0.377771
0.220736
0.848957
0.531824
0.185144
0.263946
0.610859
0.352338
0.900506
0.220096
0.197106
0.867954
0.179462
0.530676
0.271027
0.314807
0.285605
0.391086
0.374875
0.226664
0.681798
0.546304
0.237901
0.736509
0.602637
0.247775
0.152615
0.707387
0.301725
0.168396
0.236078
0.842228
0.274659
0.200420
0.447917
0.375744
0.390881
0.273614
0.978227
0.351991
0.444979
0.192815
0.305512
0.590068
0.756065
0.611829
0.185757
0.215936
0.239278
0.514543
0.361657
0.163139
0.281097
0.635743
0.887821
0.169400
0.157521
0.135495
0.885438
0.351188
0.168594
0.209032
0.295781
0.342157
0.309559
0.978942
0.949962
0.894082
0.267852
0.929278
0.314709
0.880692
0.179179
0.710437
0.519668
0.135471
0.434666
0.713281
0.216152
0.768506
0.367014
0.577623
0.926392
0.762303
0.367220
0.822471
0.954177
0.427419
0.823439
0.844865
0.150105
0.138827
0.176604
0.328060
0.350985
0.403955
0.321152
0.333422
0.361169
0.635616
0.309842
0.839862
0.559782
0.410218
0.596669
0.290901
0.410628
0.259352
0.207494
0.655839
0.199314
0.562701
0.378827
0.184643
0.428948
0.139113
0.151863
0.409293
0.439349
0.924001
0.345797
0.487297
0.947841
0.451243
0.159863
0.332678
0.182282
0.379355
0.819611
0.486456
0.241124
0.253950
0.408556
0.997352
0.769754
0.243773
0.290130
0.316083
0.467157
0.444824
0.207299
0.688001
0.250303
0.580267
0.938663
0.793340
0.596464
0.142548
0.324708
0.262056
0.973247
0.829666
0.943575
0.922484
0.374381
0.150842
0.306890
0.504252
0.422823
0.251530
0.245296
0.753334
0.471984
0.740510
0.751340
0.363312
0.180516
0.217987
0.848534
0.623115
0.716484
0.175901
0.428703
0.179338
0.754196
0.402408
0.142276
0.449851
0.423855
0.341361
0.871067
0.412516
0.283216
0.821918
0.380539
0.783467
0.916095
0.862921
0.395064
0.387346
0.217051
0.716057
0.291801
0.756969
0.530247
0.219242
0.275016
0.707266
0.353136
0.233360
0.440708
0.253016
0.303307
0.188933
0.335281
0.228753
0.561776
0.352476
0.760370
0.238112
0.889064
0.662334
0.725788
0.251797
0.544384
0.276191
0.197275
0.498708
0.238331
0.575875
0.193172
0.382236
0.412359
0.416505
0.289341
0.218652
0.674734
0.587971
0.154645
0.238273
0.137209
0.503589
0.445463
0.307507
0.703028
0.149355
0.519770
0.394944
0.388991
0.395218
0.694872
0.345838
0.261766
0.504330
0.643446
0.142501
0.139291
0.937933
0.525114
0.245298
0.540132
0.749528
0.692810
0.222728
0.312182
0.200458
0.359847
0.210640
0.870901
0.411190
0.370854
0.882958
0.207071
0.165202
0.271516
0.145577
0.182316
0.141126
0.424831
0.524026
0.412128
0.295203
0.181228
0.797140
0.148880
0.861642
0.839348
0.153232
0.808163
0.440754
0.277736
0.436514
0.330357
0.192418
0.718394
0.762045
0.285010
0.258512
0.160517
0.248215
0.785438
0.439859
0.219163
0.162641
0.536929
0.439696
0.174949
0.723320
0.458509
0.549182
0.379039
0.188964
0.162120
0.507573
0.150631
0.178346
0.437346
0.934211
0.201930
0.353447
0.411757
0.414403
0.154285
0.136027
0.589194
0.818981
0.765939
0.167926
0.211716
0.908457
0.307989
0.166290
0.399593
0.498761
0.199842
0.214553
0.219303
0.258337
0.155191
0.742986
0.141874
0.434648
0.140398
0.169953
0.220615
0.156266
0.223966
0.712935
0.145985
0.334173
0.251984
0.444159
0.138482
0.287266
0.446429
0.602895
0.235266
0.341937
0.748081
0.368046
0.310635
0.230401
0.452228
0.917186
0.849111
0.667780
0.196785
0.186212
0.172512
0.225656
0.138353
0.180847
0.724725
0.143529
0.227107
0.159886
0.165726
0.375838
0.842264
0.178768
0.928028
0.212237
0.586701
0.949608
0.450501
0.261920
0.572514
0.783148
0.661767
0.428287
0.288235
0.205568
0.729133
0.963148
0.188544
0.619115
0.643170
0.274154
0.851862
0.819851
0.457119
0.870859
0.148268
0.331286
0.923583
0.248809
0.391382
0.153062
0.690965
0.329647
0.202183
0.641235
0.516963
0.876499
0.608922
0.232893
0.229573
0.348616
0.182389
0.151924
0.149308
0.388449
0.230765
0.804411
0.374134
0.321493
0.498023
0.240632
0.651261
0.424246
0.197282
0.297704
0.369459
0.216134
0.728747
0.341226
0.397355
0.285219
0.385921
0.274559
0.694730
0.576544
0.176056
0.359150
0.505340
0.792141
0.618045
0.857223
0.276153
0.832930
0.962295
0.304664
0.323551
0.222064
0.245075
0.894456
0.527520
0.901855
0.215235
0.343554
0.382609
0.313754
0.755733
0.141358
0.501074
0.550739
0.356411
0.199104
0.157081
0.137546
0.403929
0.806359
0.585964
0.525467
0.289604
0.296111
0.416244
0.178988
0.253833
0.849350
0.149085
0.244262
0.258766
0.356423
0.400796
0.468592
0.318804
0.211428
0.422602
0.507020
0.536718
0.161691
0.159080
0.405616
0.168887
0.588986
0.223388
0.444771
0.866512
0.259282
0.452038
0.350009
0.209074
0.264878
0.183918
0.447398
0.579548
0.565668
0.591708
0.147108
0.480450
0.651823
0.265511
0.918640
0.232325
0.786312
0.430468
0.547279
0.166248
0.181917
0.277481
0.659314
0.217344
0.326165
0.267428
0.271227
0.192106
0.441424
0.891372
0.166463
0.845702
0.402934
0.430511
0.176815
0.788621
0.585057
0.584522
0.457044
0.330948
0.345867
0.496803
0.159004
0.225444
0.974666
0.146068
0.387011
0.766391
0.464604
0.211803
0.941449
0.624517
0.434264
0.620711
0.135735
0.141642
0.165996
0.272028
0.201058
0.541429
0.242479
0.247302
0.457888
0.721932
0.786685
0.598227
0.569331
0.460255
0.349677
0.260209
0.152321
0.893645
0.955202
0.178960
0.201467
0.931003
0.193152
0.576124
0.713512
0.663087
0.901647
0.671736
0.414109
0.391553
0.416954
0.415333
0.409799
0.511415
0.834832
0.608810
0.276895
0.202429
0.150560
0.936833
0.146140
0.875182
0.560439
0.614784
0.402807
0.195973
0.159972
0.453362
0.175130
0.152806
0.599501
0.260708
0.142263
0.855614
0.150200
0.750035
0.567347
0.135427
0.503825
0.234944
0.391819
0.210072
0.721022
0.160567
0.793834
0.601932
0.722315
0.219808
0.900345
0.803571
0.205924
0.972225
0.703271
0.852754
0.597708
0.283283
0.167116
0.706517
0.948973
0.216256
0.797722
0.568911
0.416593
0.838555
0.486768
0.462349
0.628945
0.276166
0.462664
0.316879
0.479428
0.181280
0.491869
0.345678
0.215078
0.390463
0.208075
0.155354
0.634180
0.187339
0.922437
0.964958
0.182136
0.648723
0.822872
0.804402
0.183772
0.137515
0.568323
0.174395
0.219740
0.453364
0.733106
0.676410
0.380171
0.356853
0.312737
0.239107
0.728197
0.144692
0.559852
0.349118
0.193814
0.275374
0.891729
0.308014
0.794496
0.185546
0.353576
0.503853
0.256844
0.326151
0.486197
0.345664
0.211582
0.400078
0.278053
0.287307
0.406523
0.158024
0.370228
0.660060
0.529369
0.271416
0.446471
0.201250
0.715672
0.139628
0.355564
0.521150
0.149282
0.199063
0.181943
0.213787
0.405044
0.162243
0.486565
0.321806
0.222438
0.172038
0.162143
0.422150
0.414603
0.582505
0.145922
0.648186
0.233048
0.299803
0.186229
0.700033
0.350064
0.509454
0.462064
0.185313
0.138274
0.206298
0.275570
0.731213
0.212842
0.723999
0.381072
0.234776
0.144121
0.512307
0.370872
0.431340
0.614167
0.180453
0.138808
0.136614
0.229392
0.166304
0.426138
0.702747
0.715798
0.459473
0.455511
0.166815
0.137752
0.626808
0.862864
0.356314
0.319330
0.398698
0.487897
0.326265
0.607755
0.993458
0.238569
0.955816
0.719263
0.671753
0.224403
0.765958
0.344143
0.614951
0.330389
0.211361
0.819964
0.338866
0.213358
0.188093
0.416408
0.671813
0.976700
0.298064
0.308680
0.444898
0.367395
0.314191
0.278865
0.317012
0.827211
0.657997
0.933919
0.403594
0.214681
0.567594
0.400953
0.378439
0.542515
0.288391
0.254218
0.899557
0.220895
0.646449
0.553184
0.539263
0.136634
0.453591
0.182738
0.215406
0.630414
0.562260
0.144713
0.615725
0.167590
0.330068
0.273935
0.454956
0.766279
0.564456
0.144227
0.633874
0.371410
0.995276
0.255828
0.589164
0.564912
0.757933
0.222963
0.306473
0.218581
0.418820
0.275690
0.356769
0.270746
0.152507
0.192393
0.273345
0.511144
0.259781
0.435069
0.322233
0.146064
0.465215
0.198407
0.180876
0.153553
0.401598
0.608049
0.869428
0.226685
0.647996
0.551108
0.622107
0.644935
0.140989
0.366524
0.364332
0.789595
0.603843
0.825047
0.172590
0.252902
0.227457
0.454981
0.505944
0.256318
0.646801
0.138297
0.968083
0.168026
0.444591
0.311948
0.181347
0.206830
0.457327
0.242370
0.234671
0.183662
0.147373
0.204030
0.307631
0.705634
0.830843
0.191380
0.455088
0.865551
0.518306
0.165803
0.683435
0.312975
0.136795
0.871571
0.584859
0.229911
0.396548
0.295906
0.435440
0.256488
0.302382
0.421542
0.318444
0.993358
0.971655
0.426710
0.205456
0.444364
0.764189
0.356261
0.603041
0.832161
0.537095
0.185514
0.587201
0.446242
0.262338
0.267228
0.386245
0.135972
0.327388
0.263973
0.314447
0.330920
0.230072
0.183907
0.562176
0.674137
0.402106
0.244794
0.172908
0.898434
0.762485
0.406853
0.892466
0.740872
0.173608
0.183363
0.329217
0.980301
0.482691
0.198531
0.815768
0.259251
0.272142
0.479020
0.854829
0.527528
0.945856
0.330174
0.530009
0.309662
0.644008
0.166660
0.757182
0.148168
0.226473
0.425670
0.738060
0.672895
0.769951
0.942966
0.604552
0.587076
0.383648
0.539542
0.434948
0.492143
0.731013
0.143192
0.482448
0.352853
0.210057
0.393566
0.675932
0.422398
0.188526
0.577806
0.222827
0.178318
0.190776
0.872650
0.408012
0.907831
0.145435
0.308940
0.993913
0.243375
0.971707
0.733568
0.163766
0.748166
0.691729
0.731553
0.439230
0.265381
0.394704
0.191042
0.965049
0.288534
0.202133
0.465586
0.752280
0.313737
0.183239
0.508490
0.979211
0.255257
0.293809
0.218195
0.336328
0.414169
0.190408
0.137226
0.375996
0.204618
0.313255
0.373707
0.367967
0.304392
0.274140
0.445268
0.227736
0.189630
0.325738
0.739117
0.371849
0.950010
0.141203
0.358852
0.274110
0.210897
0.167077
0.206207
0.488905
0.226216
0.774775
0.478741
0.426667
0.227636
0.771852
0.143500
0.696638
0.146967
0.145505
0.261933
0.222204
0.336794
0.723287
0.604157
0.757509
0.198282
0.269012
0.172512
0.277830
0.647483
0.942154
0.763369
0.615115
0.983000
0.273937
0.168609
0.207312
0.338186
0.256906
0.748922
0.565284
0.199044
0.358540
0.241188
0.334795
0.276740
0.255739
0.233231
0.300524
0.274956
0.451404
0.493423
0.684254
0.326494
0.298104
0.518328
0.478351
0.592555
0.660714
0.982009
0.383669
0.622494
0.749635
0.236001
0.611912
0.205353
0.294025
0.937349
0.513151
0.558145
0.702002
0.290076
0.820891
0.251695
0.516960
0.274830
0.514678
0.976886
0.473630
0.154673
0.268601
0.213798
0.563926
0.183791
0.515785
0.168109
0.703913
0.246726
0.736052
0.465086
0.242287
0.282401
0.289513
0.181627
0.492457
0.177157
0.275594
0.144794
0.166058
0.141421
0.597156
0.861362
0.303121
0.490200
0.216801
0.156701
0.995465
0.824490
0.153079
0.471482
0.942298
0.303818
0.744831
0.531387
0.412599
0.384172
0.660070
0.290434
0.700375
0.485846
0.998088
0.169692
0.137203
0.288960
0.227735
0.499254
0.378254
0.463756
0.534150
0.464121
0.484611
0.318970
0.399776
0.146896
0.156359
0.640422
0.170087
0.155650
0.528022
0.192387
0.542255
0.497554
0.431896
0.403888
0.264393
0.178200
0.155163
0.174518
0.382422
0.802984
0.626511
0.381691
0.136260
0.635158
0.814964
0.229291
0.317105
0.308263
0.785716
0.169382
0.143071
0.380766
0.399214
0.422628
0.413291
0.461231
0.270660
0.519416
0.530465
0.142915
0.738382
0.287647
0.525419
0.318904
0.858441
0.138917
0.419910
0.984208
0.179137
0.160583
0.790303
0.829284
0.452897
0.795702
0.526726
0.369095
0.182447
0.167028
0.840714
0.143352
0.209047
0.888771
0.403320
0.616651
0.375620
0.166689
0.284419
0.751211
0.639751
0.150874
0.793281
0.472380
0.320674
0.416805
0.150644
0.275280
0.427836
0.467408
0.270933
0.566308
0.554605
0.214119
0.469630
0.251179
0.170375
0.247366
0.685032
0.229685
0.305294
0.575916
0.243290
0.471576
0.511858
0.725043
0.290798
0.192264
0.893015
0.611137
0.144431
0.571307
0.681307
0.846594
0.269874
0.218478
0.352864
0.300402
0.444397
0.150968
0.140410
0.889654
0.631723
0.575403
0.190492
0.296676
0.144529
0.239812
0.542266
0.731569
0.406999
0.165551
0.421322
0.731655
0.576862
0.215657
0.530481
0.167750
0.306373
0.473728
0.757515
0.326963
0.270644
0.516100
0.276805
0.539696
0.833162
0.721722
0.162126
0.370254
0.805090
0.168205
0.329399
0.508594
0.715155
0.463647
0.150888
0.763739
0.821577
0.604582
0.558728
0.334381
0.739562
0.235405
0.244652
0.426625
0.375118
0.958974
0.528809
0.849193
0.454293
0.400581
0.277654
0.908498
0.206740
0.567893
0.490313
0.172248
0.409861
0.587373
0.471240
0.329975
0.730032
0.155226
0.167824
0.522086
0.531791
0.187110
0.398738
0.436907
0.835873
0.222786
0.146093
0.618180
0.387518
0.264099
0.263731
0.145365
0.253264
0.139463
0.912125
0.850157
0.412800
0.253255
0.772366
0.630597
0.143822
0.378701
0.802591
0.435563
0.222438
0.378213
0.143725
0.162387
0.433801
0.178227
0.626445
0.230691
0.246411
0.249787
0.744747
0.205968
0.411195
0.803948
0.940814
0.159345
0.212322
0.248122
0.171154
0.397336
0.255690
0.156114
0.337798
0.779907
0.292139
0.260904
0.491807
0.310458
0.730071
0.394720
0.999179
0.162396
0.149288
0.143607
0.194857
0.478526
0.189121
0.901960
0.815690
0.344341
0.225298
0.607482
0.524055
0.684533
0.488384
0.493038
0.805977
0.766205
0.903930
0.137946
0.304441
0.231126
0.159126
0.759887
0.180257
0.343493
0.198257
0.655052
0.787971
0.144742
0.258562
0.787324
0.173683
0.285220
0.835446
0.250070
0.136485
0.158000
0.225553
0.822621
0.402008
0.375488
0.499728
0.210675
0.257034
0.244059
0.767506
0.207163
0.186999
0.693771
0.211160
0.420661
0.160349
0.248279
0.319655
0.213573
0.630155
0.468273
0.139902
0.496544
0.500821
0.267286
0.390941
0.642731
0.563308
0.326610
0.160728
0.568095
0.381308
0.267873
0.467327
0.153289
0.743216
0.233536
0.238623
0.191032
0.421151
0.183145
0.292421
0.581925
0.938857
0.456256
0.244793
0.150545
0.837024
0.578188
0.237575
0.527455
0.270750
0.245591
0.261904
0.135597
0.485040
0.756559
0.643975
0.273227
0.247100
0.764803
0.155219
0.696205
0.204870
0.535986
0.788565
0.152263
0.924904
0.188170
0.214926
0.389524
0.254644
0.464393
0.226674
0.239074
0.211882
0.410005
0.265942
0.177350
0.237060
0.466849
0.691204
0.474259
0.847182
0.181029
0.475177
0.410917
0.136959
0.306002
0.829595
0.250065
0.234031
0.951479
0.174096
0.354276
0.509980
0.137286
0.398589
0.471683
0.190883
0.632998
0.183732
0.359161
0.293960
0.307734
0.634470
0.460226
0.932294
0.168732
0.603103
0.221010
0.582054
0.416868
0.774489
0.493105
0.557617
0.368019
0.202625
0.564309
0.832117
0.168097
0.141114
0.194741
0.159941
0.181530
0.509788
0.602701
0.184147
0.203196
0.284283
0.259729
0.950398
0.385945
0.689285
0.279379
0.877585
0.437331
0.950065
0.818168
0.545251
0.572987
0.180823
0.317366
0.238860
0.140045
0.156495
0.984166
0.380828
0.234305
0.555374
0.316893
0.291026
0.579088
0.455995
0.343938
0.776751
0.232461
0.207291
0.143036
0.349022
0.435434
0.274509
0.331710
0.168053
0.189215
0.684764
0.147481
0.611440
0.650570
0.891595
0.333388
0.372768
0.161221
0.781806
0.657917
0.166832
0.904040
0.647500
0.469457
0.211822
0.359605
0.148768
0.455502
0.208243
0.501254
0.156664
0.161753
0.860986
0.239961
0.170957
0.300503
0.772060
0.346763
0.736539
0.958710
0.484816
0.504355
0.141392
0.296436
0.328119
0.931494
0.730247
0.903772
0.150176
0.570912
0.594607
0.185126
0.516127
0.385008
0.642174
0.807822
0.138451
0.705912
0.367965
0.213037
0.353841
0.425956
0.254622
0.304652
0.755256
0.321641
0.676459
0.583103
0.824125
0.498238
0.559027
0.399548
0.251289
0.584043
0.875163
0.609247
0.544033
0.639085
0.550620
0.603691
0.364861
0.327403
0.825795
0.188315
0.931412
0.530304
0.152125
0.952854
0.374348
0.413614
0.202993
0.978751
0.176182
0.381914
0.298178
0.983205
0.907665
0.201705
0.573310
0.748029
0.742579
0.320496
0.298874
0.186602
0.187183
0.261563
0.840038
0.752456
0.167161
0.462542
0.454251
0.450663
0.151438
0.375118
0.627084
0.141051
0.198927
0.704879
0.993096
0.550247
0.291548
0.201592
0.538555
0.379542
0.568888
0.160585
0.373168
0.516360
0.239338
0.213941
0.386252
0.177727
0.506647
0.852998
0.245053
0.700747
0.223113
0.205854
0.527281
0.275581
0.703557
0.239518
0.917677
0.787267
0.663889
0.575460
0.820516
0.975838
0.405630
0.814851
0.536952
0.873836
0.164267
0.289178
0.331658
0.690505
0.343131
0.914500
0.356549
0.606820
0.195649
0.137718
0.796898
0.732440
0.868015
0.195282
0.513255
0.193665
0.297037
0.270630
0.394357
0.208982
0.478964
0.361893
0.164525
0.317979
0.208255
0.997488
0.310296
0.624187
0.812804
0.166614
0.545437
0.986565
0.356013
0.180898
0.681228
0.902638
0.165431
0.242891
0.547738
0.239158
0.247167
0.436492
0.175169
0.214545
0.629836
0.664322
0.307014
0.187084
0.179785
0.894617
0.288892
0.636276
0.323756
0.351201
0.202322
0.498197
0.350319
0.463883
0.310968
0.284740
0.571095
0.169613
0.280915
0.203317
0.226717
0.191367
0.183522
0.277134
0.343454
0.742762
0.489738
0.627260
0.324209
0.633883
0.994385
0.204199
0.421102
0.305290
0.282279
0.559410
0.273118
0.602564
0.355939
0.653366
0.211621
0.532118
0.325505
0.547787
0.246840
0.747933
0.155977
0.140969
0.937372
0.323761
0.211781
0.212518
0.457806
0.287187
0.435186
0.157235
0.213311
0.213127
0.728762
0.511009
0.998244
0.724670
0.771029
0.420363
0.221235
0.217645
0.235155
0.446470
0.969040
0.618470
0.291709
0.205070
0.329099
0.701610
0.830045
0.600249
0.524758
0.956646
0.625238
0.491893
0.309725
0.978414
0.772423
0.141794
0.280987
0.336148
0.164739
0.442884
0.529368
0.887095
0.226318
0.528438
0.642851
0.174498
0.222136
0.142221
0.280626
0.385977
0.469186
0.271938
0.238715
0.136866
0.412059
0.580491
0.709544
0.342028
0.348439
0.372339
0.327200
0.217858
0.183151
0.748820
0.213155
0.141470
0.784556
0.442559
0.351385
0.955011
0.196002
0.186012
0.847185
0.327770
0.726315
0.544614
0.422617
0.161340
0.572323
0.876322
0.460144
0.268526
0.238305
0.811638
0.271563
0.725575
0.471148
0.192686
0.248167
0.164167
0.530123
0.599992
0.264269
0.717422
0.449286
0.416227
0.749943
0.352490
0.184205
0.263519
0.336632
0.266779
0.362195
0.285189
0.646114
0.263068
0.155318
0.273059
0.313617
0.656829
0.239287
0.144309
0.176376
0.421349
0.865454
0.353914
0.305720
0.407757
0.503891
0.560605
0.494624
0.267124
0.336359
0.965852
0.191641
0.151121
0.402014
0.143720
0.393606
0.547182
0.279845
0.979052
0.145976
0.748944
0.279215
0.696916
0.197023
0.320443
0.190299
0.456567
0.210476
0.336469
0.486840
0.274303
0.141771
0.421338
0.717329
0.320259
0.171804
0.361455
0.179539
0.627909
0.713439
0.446221
0.606467
0.136724
0.498270
0.243808
0.145195
0.196122
0.985755
0.300232
0.192013
0.143897
0.224857
0.396150
0.741005
0.327350
0.937992
0.141013
0.149457
0.197425
0.350584
0.537640
0.400149
0.367256
0.226528
0.287038
0.869078
0.287570
0.766626
0.156033
0.180568
0.546941
0.514465
0.809164
0.552554
0.256342
0.197281
0.592808
0.371480
0.194470
0.177980
0.527054
0.206773
0.295711
0.208793
0.153220
0.715267
0.195846
0.159648
0.789903
0.285696
0.413565
0.424684
0.844725
0.151884
0.710848
0.242469
0.975349
0.204419
0.185883
0.152187
0.272740
0.751223
0.578524
0.220692
0.415091
0.148300
0.321706
0.246069
0.407066
0.462277
0.323607
0.214546
0.706294
0.707089
0.330997
0.799632
0.505758
0.478991
0.943283
0.399499
0.136846
0.390108
0.169661
0.854155
0.437811
0.891143
0.207106
0.427018
0.182166
0.284459
0.480189
0.367119
0.213692
0.277801
0.598662
0.655422
0.304413
0.192593
0.161279
0.915625
0.657859
0.385643
0.196444
0.464642
0.272684
0.480454
0.371543
0.137912
0.230133
0.350470
0.407106
0.232702
0.136721
0.510361
0.198764
0.442295
0.454805
0.304171
0.188868
0.612184
0.639333
0.670130
0.224744
0.136620
0.186163
0.994166
0.661645
0.418741
0.191470
0.788483
0.383410
0.930726
0.304073
0.556532
0.432454
0.612670
0.267388
0.160675
0.624336
0.454684
0.416091
0.254171
0.781806
0.420353
0.958499
0.155395
0.185920
0.435930
0.349255
0.259461
0.266869
0.223290
0.173873
0.443176
0.225410
0.239174
0.440590
0.149142
0.740026
0.623339
0.868922
0.283733
0.580157
0.264216
0.157907
0.250891
0.161877
0.311983
0.297868
0.746780
0.141854
0.915802
0.189810
0.819462
0.384960
0.181932
0.940922
0.528847
0.586025
0.328622
0.137215
0.156392
0.542194
0.176288
0.512130
0.903063
0.311548
0.225639
0.995191
0.230554
0.140650
0.864743
0.483360
0.602940
0.228479
0.563975
0.151272
0.273288
0.175951
0.332945
0.204086
0.184425
0.304912
0.286234
0.151130
0.867318
0.384786
0.142201
0.458678
0.225494
0.345294
0.465049
0.260579
0.187216
0.605774
0.986071
0.169068
0.188728
0.222496
0.168255
0.321511
0.231234
0.145497
0.155406
0.139420
0.245635
0.647614
0.155838
0.496021
0.841969
0.383385
0.748002
0.155280
0.863771
0.214103
0.173402
0.749164
0.608740
0.182199
0.343625
0.137267
0.464863
0.159803
0.264299
0.643068
0.715292
0.260617
0.803355
0.997489
0.428465
0.998768
0.320704
0.732075
0.145318
0.368265
0.754171
0.263754
0.238494
0.868425
0.966693
0.200804
0.332941
0.723089
0.230398
0.287585
0.154816
0.295205
0.215448
0.696364
0.397429
0.547037
0.706306
0.184750
0.645936
0.186676
0.877869
0.462033
0.359485
0.705241
0.460873
0.154027
0.704372
0.147804
0.833184
0.756330
0.402194
0.628363
0.199485
0.708763
0.545687
0.192841
0.142323
0.181682
0.139441
0.242294
0.386070
0.159512
0.528512
0.614608
0.820766
0.210046
0.336213
0.579712
0.286739
0.217172
0.799631
0.251719
0.741424
0.287455
0.177523
0.341702
0.327157
0.923943
0.373183
0.272582
0.698805
0.150092
0.171280
0.139401
0.786045
0.690620
0.198634
0.826629
0.927128
0.204660
0.200287
0.357936
0.241222
0.782162
0.219991
0.197987
0.164290
0.546523
0.848082
0.348086
0.877004
0.678153
0.647429
0.650232
0.194939
0.849248
0.222186
0.471240
0.784657
0.612671
0.949135
0.548322
0.679475
0.162568
0.564796
0.534098
0.829590
0.828963
0.441501
0.769136
0.169656
0.653393
0.275302
0.302395
0.511059
0.447509
0.442385
0.620399
0.244574
0.375178
0.215952
0.214492
0.254428
0.139814
0.139470
0.366481
0.877350
0.228973
0.172701
0.688419
0.140285
0.163916
0.377476
0.704328
0.196900
0.213197
0.376180
0.163346
0.176732
0.166084
0.928328
0.221551
0.801846
0.255570
0.495036
0.409791
0.845086
0.218996
0.254234
0.206686
0.607104
0.405677
0.327576
0.154465
0.419101
0.337583
0.418283
0.367698
0.571155
0.533769
0.253130
0.592046
0.646493
0.706029
0.416994
0.940587
0.150523
0.156865
0.153642
0.196566
0.192505
0.142630
0.321788
0.154360
0.269345
0.159296
0.467396
0.227620
0.257769
0.878026
0.347624
0.156493
0.356195
0.841416
0.178613
0.149281
0.284047
0.552041
0.405589
0.162235
0.294662
0.758611
0.709724
0.190497
0.535601
0.295951
0.179179
0.595708
0.343032
0.203416
0.865227
0.487940
0.214380
0.278420
0.556530
0.426661
0.327714
0.260120
0.717599
0.624188
0.228392
0.249455
0.721770
0.601115
0.209895
0.952578
0.663059
0.440538
0.525862
0.268929
0.528101
0.154952
0.204013
0.374806
0.218109
0.807399
0.819625
0.288768
0.480974
0.281157
0.434034
0.416152
0.137188
0.687539
0.856132
0.564149
0.293346
0.280566
0.146746
0.210505
0.175126
0.247650
0.388010
0.933982
0.148866
0.601776
0.889691
0.729351
0.265105
0.467855
0.196144
0.140002
0.535669
0.295680
0.387731
0.863294
0.238732
0.317794
0.249292
0.848440
0.660213
0.799505
0.353080
0.669250
0.549690
0.302283
0.377556
0.161249
0.626670
0.409391
0.250812
0.810921
0.749143
0.719086
0.757386
0.824042
0.432729
0.673839
0.601016
0.847663
0.315259
0.871064
0.876894
0.168874
0.257556
0.339999
0.145788
0.454329
0.798384
0.268546
0.385471
0.527103
0.214704
0.136102
0.352764
0.872063
0.303996
0.984136
0.140620
0.190505
0.402896
0.260605
0.154485
0.301827
0.187398
0.864553
0.248718
0.599197
0.582570
0.149484
0.507917
0.183660
0.962129
0.445389
0.229175
0.247802
0.151432
0.246876
0.831888
0.893343
0.489878
0.320669
0.470884
0.777172
0.322486
0.166111
0.677743
0.724382
0.163476
0.704206
0.137999
0.486671
0.183520
0.157525
0.146890
0.254119
0.136188
0.269954
0.152267
0.586242
0.298176
0.571462
0.795576
0.286884
0.254523
0.182326
0.525292
0.284796
0.332597
0.436984
0.254420
0.162932
0.140127
0.885227
0.935646
0.333904
0.147046
0.634127
0.241875
0.177621
0.446556
0.246634
0.638732
0.605547
0.287073
0.693268
0.153881
0.288882
0.187151
0.173133
0.169355
0.412339
0.731066
0.995563
0.874077
0.186073
0.181517
0.459146
0.391567
0.446092
0.200639
0.736117
0.537055
0.207743
0.651630
0.502494
0.512553
0.708015
0.318645
0.916047
0.929236
0.142293
0.225929
0.593533
0.636678
0.479239
0.411478
0.723925
0.138444
0.569019
0.926109
0.173245
0.234629
0.677047
0.172476
0.205084
0.930875
0.231332
0.695777
0.364500
0.762517
0.139600
0.268315
0.409514
0.214290
0.174842
0.205778
0.811577
0.914697
0.484502
0.743443
0.849969
0.509410
0.167965
0.504485
0.324330
0.594785
0.207584
0.234791
0.608446
0.872791
0.217442
0.778882
0.204782
0.147218
0.992635
0.310321
0.137042
0.229628
0.215914
0.369096
0.175096
0.222718
0.731767
0.529826
0.352653
0.945382
0.805604
0.286205
0.864737
0.390316
0.212777
0.735000
0.198831
0.264079
0.370796
0.476497
0.157070
0.568746
0.826665
0.706163
0.496397
0.179751
0.550017
0.751120
0.195534
0.545966
0.233088
0.198000
0.926361
0.371869
0.540000
0.162202
0.611978
0.395154
0.635005
0.215816
0.373571
0.511563
0.456404
0.323041
0.199671
0.717569
0.237435
0.293352
0.189495
0.650533
0.139781
0.219928
0.369988
0.853821
0.155305
0.183661
0.153476
0.631175
0.137951
0.221744
0.344600
0.237594
0.324418
0.319224
0.652852
0.175186
0.382596
0.399531
0.511510
0.242950
0.637122
0.191085
0.918344
0.290785
0.456115
0.183367
0.208659
0.800218
0.397464
0.292161
0.520568
0.410521
0.474778
0.192604
0.350511
0.544834
0.261379
0.397494
0.343885
0.266432
0.651284
0.875625
0.467747
0.211288
0.279521
0.305370
0.273504
0.790211
0.901499
0.139900
0.191982
0.574365
0.197530
0.176305
0.167017
0.665728
0.238878
0.257505
0.532727
0.701557
0.555900
0.277321
0.288004
0.263929
0.394672
0.745915
0.143797
0.762249
0.296496
0.365388
0.203088
0.193103
0.319943
0.701913
0.301477
0.660808
0.214343
0.609265
0.522177
0.193230
0.629814
0.740743
0.820070
0.919252
0.964988
0.136965
0.611972
0.230514
0.260606
0.326014
0.161719
0.144871
0.668048
0.344150
0.282525
0.263660
0.256707
0.300191
0.200975
0.562400
0.810477
0.301588
0.802461
0.259306
0.211688
0.241923
0.171352
0.335270
0.147395
0.661143
0.478694
0.685938
0.489736
0.392563
0.630550
0.472590
0.397291
0.385879
0.804954
0.765037
0.929558
0.961878
0.818941
0.620990
0.331030
0.231372
0.163730
0.627904
0.513212
0.243142
0.353133
0.415947
0.541829
0.283376
0.796966
0.847517
0.506558
0.136561
0.284147
0.551699
0.667133
0.136020
0.378432
0.326719
0.394547
0.238620
0.154404
0.156750
0.680374
0.918373
0.886093
0.632447
0.883363
0.725658
0.392743
0.292420
0.167897
0.475145
0.183612
0.636690
0.853639
0.479102
0.264829
0.462526
0.135766
0.211060
0.391999
0.508170
0.212972
0.823032
0.280357
0.142081
0.827193
0.783949
0.343004
0.326367
0.187066
0.391334
0.378010
0.940441
0.359390
0.334952
0.594779
0.317472
0.243060
0.233595
0.685964
0.301540
0.820124
0.930659
0.191988
0.700090
0.445880
0.375689
0.323810
0.447299
0.585901
0.937915
0.227304
0.922012
0.771934
0.470877
0.967968
0.638539
0.369144
0.332017
0.208398
0.510246
0.960057
0.582084
0.479856
0.345035
0.194970
0.285408
0.809390
0.350163
0.492629
0.555212
0.780198
0.404017
0.516713
0.149789
0.282848
0.230392
0.415812
0.676756
0.761473
0.243624
0.634739
0.173086
0.224625
0.489977
0.602224
0.217430
0.312869
0.222307
0.533418
0.481776
0.838151
0.512112
0.280434
0.402192
0.176697
0.404005
0.848182
0.143017
0.141468
0.417839
0.586725
0.815552
0.168814
0.303168
0.902650
0.352818
0.516108
0.375333
0.238771
0.393003
0.675657
0.151558
0.502628
0.151769
0.548710
0.302695
0.243832
0.171674
0.497218
0.961055
0.611139
0.416744
0.492168
0.171384
0.167611
0.642585
0.511619
0.142165
0.679057
0.534803
0.438924
0.398420
0.436159
0.547504
0.892511
0.393699
0.193169
0.460632
0.147768
0.340807
0.181030
0.737728
0.381659
0.672334
0.827311
0.209420
0.203512
0.201725
0.265652
0.747698
0.193869
0.162350
0.311599
0.705033
0.205595
0.385911
0.453044
0.777228
0.405385
0.307643
0.415664
0.177933
0.905683
0.181296
0.719835
0.808332
0.527401
0.139050
0.372344
0.575852
0.350162
0.498062
0.424822
0.987492
0.334864
0.351460
0.206801
0.503556
0.523871
0.405933
0.376508
0.750448
0.486963
0.866879
0.529091
0.739770
0.334538
0.239701
0.574970
0.135617
0.544887
0.238994
0.178303
0.493494
0.320157
0.948376
0.398907
0.168851
0.974407
0.148531
0.718462
0.341200
0.546624
0.305219
0.336932
0.183045
0.792639
0.514853
0.681074
0.415240
0.208996
0.256430
0.311616
0.752007
0.222293
0.164873
0.556313
0.549491
0.292018
0.319863
0.550633
0.159117
0.564859
0.725454
0.580212
0.180844
0.688003
0.231451
0.225630
0.670395
0.254018
0.162107
0.228739
0.138852
0.365595
0.569470
0.187802
0.289785
0.293194
0.945112
0.889128
0.452774
0.242355
0.277066
0.340489
0.398077
0.337538
0.189418
0.218740
0.728318
0.447688
0.889979
0.856300
0.252881
0.645639
0.496836
0.337916
0.444201
0.849690
0.563371
0.297790
0.215837
0.674814
0.503314
0.221446
0.246709
0.286622
0.307296
0.528263
0.620945
0.290429
0.469693
0.281148
0.520093
0.961583
0.707337
0.207037
0.324571
0.990005
0.334631
0.236391
0.443213
0.297814
0.202422
0.828166
0.192281
0.743119
0.279850
0.631109
0.631421
0.157660
0.187938
0.136284
0.786128
0.698944
0.222998
0.193945
0.200333
0.506344
0.757037
0.919168
0.147057
0.355575
0.258422
0.565139
0.341915
0.182791
0.864556
0.820005
0.180965
0.289307
0.193842
0.592646
0.636639
0.289930
0.490809
0.904519
0.215453
0.137353
0.570850
0.136041
0.160010
0.792730
0.136995
0.929459
0.554074
0.225732
0.180264
0.820180
0.844557
0.136467
0.753883
0.917707
0.358547
0.194820
0.518632
0.905844
0.263135
0.448386
0.742797
0.351853
0.958517
0.143985
0.208524
0.610230
0.308461
0.756237
0.551964
0.491067
0.767513
0.315088
0.493630
0.907450
0.249780
0.499683
0.843438
0.138397
0.833447
0.152041
0.838733
0.703893
0.153312
0.632307
0.645967
0.406174
0.910228
0.335019
0.367931
0.239513
0.150218
0.273298
0.622699
0.143987
0.290766
0.959452
0.649239
0.662724
0.725573
0.358357
0.325442
0.556886
0.834328
0.160648
0.505346
0.208399
0.593142
0.426228
0.213113
0.494352
0.478843
0.178745
0.347971
0.542449
0.835123
0.224778
0.220329
0.760153
0.556433
0.598999
0.182066
0.617624
0.163705
0.837716
0.657106
0.351718
0.803749
0.426619
0.233092
0.583178
0.152882
0.560518
0.324764
0.942501
0.665355
0.164118
0.196416
0.394650
0.516878
0.309297
0.195096
0.247504
0.408505
0.501626
0.992040
0.341152
0.833149
0.218575
0.259328
0.463592
0.967421
0.348873
0.286325
0.158372
0.292256
0.188146
0.411587
0.234901
0.593095
0.708888
0.136989
0.669991
0.397344
0.328733
0.631467
0.264375
0.398648
0.916466
0.770941
0.206052
0.283460
0.150407
0.376832
0.855614
0.557492
0.373832
0.291894
0.464474
0.603763
0.559324
0.215326
0.584093
0.195133
0.455560
0.683517
0.421389
0.633329
0.281326
0.731403
0.375624
0.199429
0.740341
0.251665
0.585523
0.243374
0.158918
0.154798
0.716890
0.145643
0.881810
0.147717
0.305049
0.980016
0.411308
0.261004
0.546351
0.153760
0.562939
0.253766
0.685961
0.314865
0.403756
0.400665
0.453988
0.183935
0.273861
0.191306
0.860760
0.569286
0.139922
0.323322
0.838895
0.765430
0.601239
0.491192
0.186286
0.706007
0.561831
0.986784
0.759779
0.495428
0.145765
0.231770
0.485527
0.443005
0.446985
0.265268
0.503317
0.251625
0.497401
0.345256
0.585421
0.200829
0.138332
0.265774
0.272947
0.279925
0.375690
0.234942
0.159357
0.388422
0.561286
0.987800
0.297310
0.337467
0.485200
0.409240
0.238254
0.272600
0.403832
0.181020
0.997919
0.434952
0.310008
0.484517
0.192686
0.138569
0.949692
0.716606
0.257637
0.472378
0.247413
0.150826
0.700978
0.252891
0.296196
0.191330
0.523076
0.822238
0.332148
0.615923
0.319375
0.186430
0.608408
0.701616
0.464875
0.295200
0.287130
0.818399
0.594608
0.856776
0.148147
0.593370
0.372657
0.339355
0.287498
0.530577
0.347463
0.273034
0.380215
0.661463
0.953008
0.695088
0.737177
0.668037
0.175782
0.218349
0.944435
0.679402
0.179534
0.313692
0.418459
0.423680
0.432124
0.254594
0.297260
0.200884
0.555333
0.630673
0.164403
0.330205
0.540345
0.179966
0.195934
0.201363
0.451267
0.416230
0.789437
0.156799
0.839729
0.300156
0.766367
0.800268
0.208635
0.564948
0.534609
0.270987
0.911481
0.504904
0.184109
0.163642
0.158384
0.569269
0.512298
0.505719
0.144933
0.152286
0.750660
0.594714
0.709663
0.911888
0.196378
0.383463
0.164109
0.284309
0.570549
0.547211
0.874404
0.450413
0.633995
0.734263
0.998956
0.485873
0.587607
0.208417
0.274493
0.314140
0.417321
0.250195
0.158611
0.567720
0.302526
0.185624
0.323186
0.154984
0.693636
0.346105
0.174395
0.520685
0.205834
0.914482
0.474806
0.298674
0.350670
0.575755
0.627447
0.200075
0.315059
0.548642
0.665873
0.199746
0.402847
0.665178
0.717117
0.236716
0.138634
0.196843
0.549466
0.427493
0.363905
0.643964
0.242697
0.813468
0.883251
0.579569
0.931569
0.612655
0.200592
0.162461
0.319000
0.305083
0.148568
0.151463
0.673293
0.384957
0.644367
0.422455
0.569105
0.203014
0.231777
0.378952
0.299636
0.689921
0.252070
0.214874
0.163315
0.258215
0.312531
0.663066
0.815641
0.840370
0.426991
0.197953
0.683614
0.377140
0.847727
0.636834
0.231056
0.170047
0.764477
0.544625
0.383332
0.839223
0.609528
0.258095
0.323065
0.392760
0.805654
0.183858
0.589172
0.186732
0.514820
0.176537
0.951933
0.958883
0.280290
0.155465
0.247598
0.647277
0.761692
0.201951
0.543952
0.325235
0.295391
0.371854
0.906335
0.250411
0.236809
0.209414
0.314637
0.181035
0.842739
0.891199
0.151929
0.513673
0.230014
0.362676
0.201750
0.185312
0.492709
0.878305
0.255688
0.253656
0.155053
0.243397
0.243227
0.321128
0.279601
0.444986
0.207859
0.212970
0.664020
0.835446
0.511804
0.196145
0.310664
0.463866
0.362927
0.543598
0.717775
0.843760
0.727160
0.604897
0.751958
0.816318
0.310719
0.172961
0.296059
0.463203
0.236831
0.145871
0.406834
0.447443
0.273403
0.466109
0.804716
0.491364
0.149681
0.224999
0.218650
0.229892
0.354069
0.145188
0.192062
0.181214
0.210425
0.440882
0.621117
0.564295
0.239662
0.445822
0.476130
0.174273
0.269677
0.358030
0.142262
0.619157
0.457568
0.311212
0.286795
0.800725
0.335440
0.862141
0.358279
0.677652
0.401852
0.288313
0.332973
0.444448
0.479329
0.537958
0.754977
0.169716
0.577123
0.145003
0.227249
0.897335
0.472375
0.141148
0.506362
0.836519
0.464972
0.241094
0.145783
0.926529
0.637814
0.153244
0.573666
0.291843
0.352395
0.164525
0.233686
0.873441
0.141844
0.618647
0.591889
0.421177
0.178364
0.197083
0.187191
0.631727
0.783407
0.141325
0.792210
0.452122
0.151420
0.180029
0.405705
0.528517
0.187762
0.205433
0.442114
0.645095
0.365970
0.476244
0.597699
0.233421
0.539265
0.342880
0.503359
0.190034
0.416833
0.869160
0.165984
0.436879
0.537704
0.725931
0.184003
0.708662
0.143069
0.254507
0.447681
0.828173
0.265770
0.354657
0.374435
0.297357
0.471782
0.151910
0.157158
0.654543
0.230593
0.513406
0.422242
0.623563
0.244506
0.252374
0.145553
0.974274
0.639403
0.541361
0.185146
0.266525
0.470530
0.227074
0.860374
0.253006
0.164840
0.158312
0.179295
0.174260
0.297715
0.593098
0.144317
0.584651
0.210347
0.399286
0.173850
0.733273
0.448187
0.201884
0.479958
0.763650
0.765864
0.202659
0.476184
0.187259
0.377918
0.512134
0.182441
0.241642
0.277249
0.249589
0.475882
0.963933
0.418777
0.409437
0.243880
0.510076
0.478948
0.323098
0.656781
0.142590
0.191629
0.700371
0.615992
0.297842
0.279648
0.791297
0.218400
0.926104
0.159750
0.774541
0.707219
0.904028
0.156967
0.336766
0.169287
0.438326
0.172470
0.228211
0.782634
0.353323
0.420873
0.372442
0.340580
0.176252
0.152491
0.613740
0.664289
0.539663
0.198298
0.436293
0.568593
0.280782
0.305567
0.350249
0.617939
0.631404
0.277151
0.997209
0.584746
0.327149
0.772380
0.413543
0.295752
0.895838
0.139267
0.369948
0.392669
0.177481
0.623830
0.307316
0.463353
0.262553
0.845731
0.157809
0.341931
0.952942
0.715656
0.227141
0.514268
0.141914
0.732257
0.292409
0.294430
0.223753
0.756757
0.181940
0.141279
0.209736
0.181432
0.610425
0.506999
0.140135
0.252437
0.149946
0.927606
0.259772
0.409888
0.364242
0.340669
0.255700
0.827112
0.157850
0.496062
0.699514
0.184062
0.169619
0.666596
0.973324
0.284682
0.342809
0.138128
0.208461
0.740682
0.300506
0.344653
0.560516
0.403989
0.359789
0.868659
0.541593
0.219624
0.440409
0.560799
0.409659
0.487955
0.520200
0.786329
0.200007
0.189479
0.267878
0.377889
0.156720
0.312442
0.187457
0.810047
0.424935
0.234944
0.539974
0.413600
0.494214
0.185108
0.422134
0.761251
0.137106
0.937329
0.262368
0.567850
0.378671
0.697505
0.493268
0.205085
0.153189
0.217240
0.849827
0.463703
0.783264
0.442080
0.364623
0.156658
0.618943
0.721721
0.437428
0.716744
0.225496
0.605894
0.580596
0.708029
0.142351
0.313507
0.292841
0.519835
0.428806
0.913420
0.395725
0.434417
0.856176
0.767172
0.246684
0.324209
0.535106
0.899110
0.491302
0.605698
0.195322
0.417522
0.280864
0.152989
0.184578
0.756708
0.177093
0.844149
0.546131
0.572398
0.605039
0.909966
0.346812
0.351283
0.644282
0.364792
0.813755
0.188672
0.189632
0.348943
0.172337
0.554489
0.151587
0.147550
0.425388
0.276307
0.353471
0.227628
0.248430
0.173661
0.137874
0.358547
0.535760
0.286131
0.405317
0.730700
0.216518
0.530379
0.616820
0.873735
0.303588
0.373201
0.795069
0.777978
0.968699
0.512248
0.283800
0.788284
0.714129
0.397660
0.275067
0.909375
0.220498
0.308098
0.991454
0.693073
0.629028
0.350451
0.157763
0.156270
0.449695
0.160721
0.414009
0.240929
0.339804
0.167805
0.176047
0.543639
0.657627
0.802372
0.474996
0.199647
0.299446
0.377655
0.155321
0.290073
0.193453
0.325711
0.228660
0.138150
0.957048
0.464747
0.928291
0.211027
0.143188
0.920357
0.146257
0.665525
0.322540
0.170495
0.768473
0.145045
0.202476
0.318154
0.258214
0.508383
0.394485
0.335890
0.276377
0.259424
0.269509
0.970019
0.382704
0.596321
0.366332
0.439221
0.172976
0.523648
0.143059
0.292258
0.534540
0.136915
0.135826
0.496209
0.213490
0.143707
0.456689
0.230719
0.706693
0.147301
0.290659
0.543075
0.157868
0.434857
0.172781
0.301206
0.221074
0.503636
0.747566
0.451468
0.965419
0.201475
0.437933
0.369470
0.887751
0.160429
0.162279
0.153560
0.620742
0.171540
0.331614
0.331812
0.173542
0.332816
0.164648
0.273761
0.353404
0.555605
0.466707
0.249748
0.604727
0.135652
0.135632
0.705413
0.435876
0.173160
0.212475
0.712014
0.644397
0.158839
0.321451
0.622113
0.236465
0.140774
0.229852
0.209922
0.166876
0.275612
0.238191
0.765410
0.349345
0.583643
0.253972
0.447969
0.194246
0.308981
0.906166
0.507238
0.171671
0.422914
0.936057
0.767090
0.423905
0.938108
0.541115
0.184770
0.162443
0.849544
0.972095
0.773468
0.997083
0.312481
0.481185
0.235775
0.325039
0.817238
0.365718
0.400792
0.225241
0.643665
0.306770
0.581421
0.375670
0.575689
0.260459
0.539197
0.177877
0.236019
0.273501
0.225635
0.737544
0.256013
0.173082
0.312648
0.240167
0.692040
0.426851
0.288272
0.587919
0.414940
0.222969
0.586204
0.958072
0.792768
0.138212
0.311411
0.647880
0.373492
0.922234
0.145929
0.240404
0.282914
0.626935
0.667325
0.162870
0.163291
0.359820
0.214067
0.284772
0.727165
0.356899
0.210032
0.186163
0.456444
0.485210
0.330367
0.315877
0.207113
0.703702
0.185710
0.635010
0.156904
0.804402
0.608385
0.919114
0.821503
0.189457
0.595476
0.306825
0.174724
0.642090
0.545032
0.365254
0.402548
0.363713
0.439568
0.485700
0.967016
0.695289
0.138314
0.703180
0.248148
0.214654
0.967274
0.836926
0.769587
0.319556
0.264366
0.159391
0.224872
0.362769
0.747883
0.260711
0.291812
0.455000
0.239623
0.239725
0.636961
0.142690
0.543492
0.822345
0.676982
0.296220
0.300365
0.272518
0.796092
0.975585
0.978030
0.769833
0.678314
0.999554
0.541331
0.168322
0.214558
0.523616
0.140873
0.165121
0.167324
0.275184
0.194471
0.278025
0.737637
0.145442
0.535589
0.215252
0.488979
0.948307
0.381284
0.311460
0.999839
0.207225
0.256128
0.676873
0.453571
0.568454
0.184460
0.361084
0.554575
0.180407
0.277974
0.376176
0.180327
0.150476
0.467866
0.285887
0.582196
0.487012
0.348808
0.719809
0.990266
0.501223
0.200125
0.730457
0.538653
0.791993
0.157232
0.263390
0.751052
0.442975
0.606164
0.750931
0.678280
0.155256
0.508285
0.307648
0.652126
0.692785
0.820827
0.361653
0.923511
0.228169
0.136045
0.166534
0.253695
0.470321
0.351792
0.147700
0.229052
0.906694
0.785576
0.226822
0.454456
0.157213
0.165684
0.244794
0.920024
0.192491
0.476418
0.690986
0.630055
0.288788
0.518883
0.427354
0.331295
0.263741
0.971473
0.216046
0.182716
0.797411
0.577335
0.168740
0.181944
0.580363
0.207639
0.341067
0.272957
0.539739
0.372229
0.461973
0.489378
0.292414
0.774267
0.222401
0.339685
0.947895
0.402277
0.312518
0.182461
0.191652
0.215946
0.849450
0.408960
0.827948
0.363016
0.135486
0.218364
0.352660
0.216287
0.294812
0.281215
0.922673
0.367579
0.378064
0.535485
0.563961
0.952784
0.146164
0.304392
0.354654
0.498938
0.148963
0.766289
0.386311
0.244795
0.260297
0.366182
0.727640
0.601082
0.493693
0.139454
0.959108
0.419368
0.421405
0.794092
0.152237
0.421876
0.173401
0.396703
0.674224
0.377733
0.824314
0.622089
0.138847
0.311644
0.333119
0.578594
0.296929
0.359774
0.176119
0.778120
0.179505
0.193854
0.596265
0.512392
0.350643
0.155206
0.187629
0.255142
0.689337
0.684456
0.262906
0.661149
0.287038
0.818632
0.525013
0.322886
0.345361
0.672683
0.946463
0.232851
0.254094
0.780183
0.144854
0.260687
0.243139
0.356548
0.150832
0.533453
0.947844
0.196286
0.415090
0.170143
0.281160
0.247504
0.644176
0.728462
0.283844
0.893085
0.185861
0.195664
0.611277
0.361058
0.955871
0.175460
0.295573
0.501845
0.418617
0.754271
0.337582
0.396205
0.175632
0.633816
0.309113
0.187985
0.165228
0.555342
0.495256
0.184148
0.296249
0.469426
0.267082
0.908632
0.590159
0.554865
0.224890
0.380166
0.404198
0.471671
0.339521
0.555100
0.681928
0.207541
0.200423
0.651835
0.269074
0.437726
0.327120
0.832294
0.330164
0.815973
0.329759
0.428472
0.517177
0.753186
0.595161
0.631409
0.418276
0.294757
0.859144
0.915605
0.138367
0.229462
0.831949
0.603378
0.940779
0.187097
0.229384
0.380261
0.652071
0.575464
0.211083
0.444665
0.882494
0.312600
0.289849
0.237456
0.136833
0.700596
0.197633
0.333818
0.571667
0.481555
0.143032
0.295653
0.362700
0.629008
0.186678
0.151709
0.185405
0.160383
0.138905
0.189558
0.271932
0.853895
0.845123
0.255827
0.159761
0.193858
0.718815
0.769759
0.824309
0.151729
0.342285
0.727448
0.350467
0.733075
0.172737
0.354346
0.513590
0.252252
0.874030
0.293602
0.897571
0.923736
0.641403
0.325549
0.581037
0.884735
0.364936
0.796001
0.141897
0.374563
0.150888
0.285116
0.319837
0.942244
0.538961
0.377563
0.182661
0.387413
0.290632
0.150569
0.434343
0.735057
0.809333
0.152223
0.538852
0.139802
0.398564
0.276749
0.260577
0.348357
0.600391
0.233886
0.321790
0.385092
0.562613
0.186972
0.340705
0.205318
0.148830
0.357223
0.568250
0.165933
0.752575
0.181747
0.156349
0.405608
0.507045
0.211024
0.157138
0.147364
0.234778
0.504317
0.800387
0.190013
0.567248
0.431290
0.196284
0.226085
0.881949
0.377928
0.581948
0.529514
0.653134
0.187265
0.203912
0.367462
0.258715
0.513346
0.557477
0.284512
0.183379
0.316787
0.348837
0.138006
0.425426
0.403002
0.413614
0.215710
0.628388
0.480248
0.234882
0.147531
0.242197
0.187996
0.207137
0.137386
0.599111
0.300422
0.229510
0.528385
0.838937
0.986904
0.279788
0.547939
0.184812
0.421561
0.201346
0.353299
0.216406
0.829393
0.742730
0.293230
0.262740
0.259092
0.299018
0.825923
0.771525
0.913862
0.178160
0.484817
0.438880
0.309206
0.528507
0.785422
0.429523
0.808904
0.797322
0.257331
0.243012
0.182993
0.135970
0.203872
0.180597
0.281100
0.825426
0.246621
0.875609
0.166197
0.643815
0.189487
0.137842
0.478181
0.410561
0.267608
0.915451
0.907118
0.221023
0.706293
0.828980
0.290963
0.342423
0.363823
0.664774
0.180973
0.285754
0.285536
0.146390
0.227838
0.542928
0.262862
0.308071
0.545475
0.395981
0.411103
0.153333
0.326853
0.749152
0.992053
0.401387
0.482315
0.187982
0.408823
0.230634
0.570273
0.808393
0.211134
0.517304
0.178674
0.149123
0.428835
0.384138
0.377308
0.156020
0.255365
0.504543
0.329429
0.538778
0.545756
0.554597
0.292518
0.143458
0.170855
0.159561
0.419748
0.519001
0.180780
0.137196
0.388810
0.179344
0.406905
0.187529
0.249110
0.166352
0.319582
0.142060
0.993664
0.498574
0.543011
0.177542
0.549367
0.232862
0.503937
0.207280
0.268453
0.950881
0.772762
0.653460
0.512314
0.421739
0.362407
0.149861
0.447053
0.457525
0.176687
0.187649
0.237456
0.236017
0.190229
0.682197
0.312766
0.571951
0.945296
0.575704
0.703033
0.302099
0.604312
0.698579
0.150619
0.328148
0.916441
0.611408
0.564621
0.461829
0.936436
0.151574
0.439144
0.723642
0.731868
0.224979
0.305188
0.265234
0.249127
0.136435
0.896672
0.325247
0.189174
0.212920
0.567213
0.265906
0.145253
0.177405
0.152085
0.137307
0.754664
0.790045
0.306501
0.456052
0.551909
0.341115
0.149653
0.505792
0.208560
0.624353
0.233589
0.195303
0.699269
0.757964
0.141330
0.511773
0.170526
0.318706
0.135740
0.313907
0.321296
0.899352
0.754402
0.449115
0.191490
0.427906
0.882418
0.205523
0.560923
0.991631
0.208518
0.423308
0.783434
0.472243
0.193051
0.432384
0.161089
0.213474
0.218696
0.248249
0.984836
0.377471
0.358250
0.688665
0.286109
0.374118
0.352440
0.360506
0.881024
0.353494
0.836185
0.283070
0.317915
0.630819
0.939377
0.449828
0.269931
0.828923
0.683118
0.151411
0.821986
0.142443
0.473590
0.643971
0.497043
0.675559
0.278443
0.591628
0.144214
0.449952
0.146871
0.142027
0.169844
0.388786
0.722719
0.359064
0.145452
0.254715
0.956473
0.946881
0.665312
0.799788
0.268033
0.211513
0.504522
0.251784
0.703026
0.136186
0.208710
0.480250
0.152363
0.171556
0.505471
0.533176
0.816323
0.251241
0.360192
0.227299
0.148641
0.383824
0.755707
0.161311
0.402803
0.948403
0.463407
0.291113
0.340537
0.498047
0.547906
0.325714
0.471591
0.364528
0.260502
0.933993
0.569713
0.971137
0.235165
0.400523
0.977243
0.362663
0.192351
0.148896
0.459726
0.718423
0.586600
0.375285
0.180497
0.211289
0.630302
0.198243
0.599235
0.476324
0.236293
0.241374
0.451747
0.809101
0.519207
0.153836
0.402971
0.284476
0.370241
0.190037
0.766243
0.712665
0.177494
0.436539
0.692096
0.308421
0.174844
0.676346
0.826488
0.248505
0.744115
0.379958
0.178532
0.436498
0.142593
0.238108
0.681471
0.664103
0.348788
0.408361
0.316328
0.608978
0.728321
0.142900
0.492725
0.378149
0.162435
0.198554
0.794874
0.444380
0.278808
0.609067
0.316694
0.365660
0.265881
0.219183
0.833318
0.343500
0.148243
0.688727
0.630741
0.815087
0.261688
0.832062
0.355783
0.275721
0.198121
0.242456
0.183107
0.510601
0.731587
0.427988
0.310945
0.532830
0.451911
0.153210
0.201489
0.542403
0.224779
0.160159
0.241033
0.463073
0.720782
0.564034
0.169328
0.191642
0.913483
0.141104
0.486416
0.135418
0.718083
0.306803
0.815583
0.187913
0.255279
0.290171
0.382839
0.373710
0.519847
0.517977
0.190817
0.380313
0.221688
0.438418
0.202642
0.740260
0.496324
0.301696
0.401519
0.824346
0.357034
0.715109
0.381733
0.257344
0.403346
0.477612
0.364413
0.368449
0.497970
0.177256
0.368674
0.357583
0.401837
0.300684
0.496505
0.757972
0.644693
0.190082
0.283262
0.335142
0.727512
0.399386
0.941799
0.161281
0.175098
0.190848
0.882177
0.642149
0.425449
0.354211
0.529353
0.151900
0.253299
0.202071
0.288841
0.754920
0.713131
0.777753
0.278150
0.355117
0.137861
0.757721
0.938292
0.409337
0.227835
0.465867
0.310266
0.146883
0.654322
0.649399
0.363739
0.476027
0.259361
0.342569
0.567287
0.335563
0.483087
0.500448
0.215482
0.205529
0.177264
0.842839
0.230684
0.331776
0.170314
0.492340
0.250464
0.897444
0.382919
0.514769
0.318698
0.390067
0.390051
0.299032
0.159669
0.656645
0.139309
0.366053
0.712675
0.673533
0.237714
0.259228
0.320620
0.455563
0.656173
0.181884
0.152870
0.316988
0.672576
0.243401
0.481398
0.880951
0.205148
0.820562
0.292278
0.258170
0.403996
0.540916
0.231693
0.154698
0.278447
0.545607
0.445873
0.802516
0.163154
0.526042
0.526968
0.167944
0.192559
0.375557
0.835820
0.338227
0.719360
0.267981
0.154084
0.472024
0.360152
0.174048
0.149626
0.242230
0.313026
0.532232
0.213393
0.474499
0.436730
0.460855
0.905169
0.176437
0.249284
0.209721
0.201680
0.512893
0.845494
0.664450
0.411604
0.137946
0.349529
0.216902
0.171183
0.497320
0.601906
0.143079
0.168207
0.432987
0.283313
0.191509
0.204380
0.753950
0.246290
0.225962
0.182629
0.569661
0.888640
0.287964
0.270304
0.388095
0.980601
0.244670
0.505961
0.244448
0.379151
0.753994
0.926409
0.320570
0.500991
0.381314
0.326753
0.175111
0.611132
0.413304
0.643484
0.367844
0.436952
0.799781
0.159271
0.914723
0.153166
0.240528
0.689655
0.278739
0.401597
0.930660
0.158787
0.356875
0.267997
0.317143
0.138502
0.262798
0.573358
0.517798
0.474678
0.217389
0.390417
0.439745
0.514932
0.195595
0.167681
0.168255
0.253081
0.757195
0.513840
0.162854
0.278530
0.224523
0.962405
0.327792
0.205377
0.147407
0.582577
0.141639
0.303603
0.233961
0.974010
0.356213
0.616948
0.261032
0.834744
0.631382
0.506880
0.478607
0.326928
0.240604
0.768787
0.943127
0.781796
0.395873
0.184471
0.968649
0.492168
0.344967
0.733456
0.252896
0.415111
0.204289
0.419558
0.399505
0.494803
0.636697
0.435141
0.288261
0.666353
0.976169
0.498331
0.649035
0.347724
0.307444
0.169419
0.290260
0.194115
0.634534
0.138921
0.468922
0.152672
0.789153
0.442253
0.881944
0.312404
0.602820
0.854294
0.153755
0.207953
0.626587
0.287317
0.637849
0.945836
0.890722
0.254824
0.468003
0.567120
0.819331
0.996835
0.377902
0.799806
0.496754
0.245272
0.278112
0.152724
0.307042
0.596480
0.219056
0.194829
0.612282
0.759006
0.219786
0.483184
0.335672
0.193839
0.150949
0.202350
0.165596
0.171494
0.310926
0.766690
0.364082
0.198324
0.725163
0.324295
0.373426
0.339378
0.183914
0.305960
0.338304
0.513552
0.244708
0.168054
0.930723
0.502871
0.189647
0.285771
0.299953
0.306966
0.411396
0.183656
0.232989
0.668112
0.655701
0.577882
0.956929
0.731348
0.864035
0.158463
0.926749
0.268651
0.897712
0.337412
0.393688
0.650988
0.808520
0.147014
0.220931
0.148698
0.332361
0.552272
0.564260
0.600963
0.685789
0.525170
0.302207
0.961003
0.150078
0.669802
0.294995
0.456212
0.908949
0.507853
0.304800
0.595998
0.293479
0.291672
0.435882
0.253576
0.341517
0.403954
0.503368
0.306584
0.136299
0.198170
0.199583
0.814277
0.215271
0.325813
0.894679
0.528669
0.179938
0.504832
0.317711
0.911804
0.265122
0.709456
0.876246
0.294004
0.475195
0.258488
0.991079
0.431928
0.969991
0.302081
0.257428
0.284672
0.651041
0.829115
0.533387
0.222342
0.334924
0.268490
0.503686
0.337309
0.393147
0.742800
0.274663
0.625358
0.242014
0.245735
0.330607
0.321774
0.916649
0.776128
0.293395
0.243024
0.550629
0.257086
0.527948
0.261656
0.491031
0.523239
0.835087
0.476296
0.158061
0.214975
0.135588
0.760363
0.178239
0.534383
0.169060
0.441101
0.143476
0.629203
0.148787
0.416797
0.467372
0.301964
0.260647
0.835780
0.548291
0.636729
0.268932
0.502590
0.494184
0.583022
0.902510
0.272112
0.149887
0.476478
0.526099
0.543828
0.249312
0.439338
0.259023
0.291176
0.697872
0.259507
0.221399
0.919110
0.138676
0.276571
0.405421
0.147018
0.174019
0.445718
0.452777
0.600965
0.994499
0.872020
0.502274
0.545274
0.555241
0.998097
0.274049
0.274391
0.581913
0.247332
0.551704
0.644482
0.870789
0.290251
0.350487
0.217098
0.942240
0.670809
0.467090
0.657564
0.174079
0.764128
0.604374
0.178376
0.211336
0.245025
0.193775
0.271744
0.806976
0.648292
0.163309
0.802537
0.565324
0.606092
0.437603
0.313891
0.604939
0.886131
0.636410
0.352022
0.219169
0.351110
0.226871
0.190850
0.753019
0.587544
0.306152
0.709525
0.394130
0.143000
0.466558
0.506962
0.807406
0.281975
0.668194
0.170634
0.510518
0.956728
0.342621
0.411976
0.620239
0.413439
0.330626
0.350636
0.250582
0.144683
0.813249
0.151587
0.947336
0.517560
0.394294
0.207626
0.181721
0.660982
0.292795
0.136839
0.388356
0.662352
0.717409
0.153063
0.699865
0.334713
0.573369
0.565076
0.697384
0.383122
0.712460
0.356027
0.366543
0.244104
0.146675
0.227344
0.745719
0.358328
0.589018
0.186864
0.383078
0.479019
0.209304
0.362903
0.247921
0.609799
0.556753
0.332894
0.403066
0.163014
0.336593
0.156533
0.797817
0.241475
0.177037
0.558365
0.597218
0.750047
0.315518
0.416490
0.287359
0.224794
0.148282
0.778286
0.405460
0.160706
0.176939
0.302359
0.425501
0.770089
0.417482
0.163000
0.368887
0.645660
0.437087
0.675765
0.393723
0.243350
0.224958
0.158696
0.293120
0.559494
0.183553
0.233856
0.998288
0.240113
0.964841
0.596195
0.180096
0.304425
0.248309
0.382400
0.505655
0.272063
0.297616
0.205023
0.323065
0.389107
0.458053
0.137464
0.299647
0.191229
0.165565
0.816757
0.912319
0.534717
0.551935
0.359201
0.961488
0.917442
0.421204
0.281832
0.513303
0.571271
0.486999
0.512424
0.137169
0.469876
0.305505
0.182536
0.143042
0.560531
0.515770
0.534450
0.152500
0.153502
0.809653
0.364038
0.441337
0.370864
0.369766
0.977170
0.524031
0.452359
0.798110
0.478083
0.241884
0.440505
0.171728
0.232569
0.404138
0.534468
0.484317
0.207445
0.305326
0.235862
0.785455
0.309464
0.818898
0.239960
0.417396
0.865532
0.993867
0.215280
0.462583
0.151564
0.244178
0.374532
0.407693
0.796280
0.138900
0.150751
0.778101
0.537835
0.503885
0.621010
0.257130
0.900591
0.273558
0.326274
0.209449
0.816897
0.174383
0.749545
0.169461
0.393420
0.176789
0.983515
0.899613
0.144772
0.236005
0.375495
0.925885
0.234557
0.597308
0.428299
0.262685
0.145849
0.160412
0.791328
0.858142
0.164638
0.881466
0.667721
0.654285
0.444157
0.414662
0.168236
0.400004
0.838170
0.405594
0.619060
0.684699
0.522618
0.464013
0.857352
0.205608
0.606143
0.843218
0.184968
0.648409
0.199003
0.513204
0.600353
0.344904
0.306540
0.257131
0.669455
0.330355
0.304775
0.529759
0.283492
0.370764
0.466964
0.189293
0.242585
0.207406
0.579987
0.301560
0.613019
0.486128
0.903761
0.379496
0.332851
0.472321
0.176091
0.285371
0.717575
0.788680
0.240630
0.980737
0.511388
0.353833
0.503318
0.307013
0.901748
0.154287
0.583310
0.603679
0.376617
0.177778
0.319804
0.788914
0.487040
0.149337
0.149336
0.873008
0.228864
0.639989
0.263264
0.140298
0.311117
0.237928
0.393411
0.765178
0.830370
0.511886
0.218359
0.595853
0.403714
0.388249
0.584375
0.206454
0.137375
0.294126
0.468349
0.915340
0.335315
0.273193
0.552572
0.933130
0.358870
0.176715
0.736159
0.174784
0.194998
0.812318
0.152588
0.329758
0.519874
0.296825
0.341850
0.161742
0.521837
0.993737
0.914478
0.433318
0.508680
0.199685
0.258194
0.205361
0.572854
0.150882
0.313279
0.581488
0.327914
0.146724
0.532259
0.812461
0.296183
0.294111
0.758132
0.785392
0.384037
0.558106
0.137274
0.553340
0.453359
0.154774
0.182468
0.235690
0.339459
0.460905
0.281677
0.177143
0.458019
0.257587
0.567177
0.232985
0.380066
0.146442
0.353537
0.217722
0.163264
0.818381
0.935475
0.395585
0.887250
0.497915
0.321397
0.262789
0.146442
0.243662
0.206392
0.415555
0.135989
0.209349
0.229943
0.455549
0.239418
0.310025
0.793350
0.600530
0.142892
0.223468
0.786043
0.483594
0.425334
0.445825
0.832525
0.161655
0.482412
0.294329
0.260064
0.581966
0.240873
0.243283
0.230217
0.213715
0.895067
0.546725
0.414982
0.968526
0.984339
0.632866
0.402476
0.989093
0.978974
0.683833
0.450580
0.234384
0.212005
0.357468
0.140755
0.223844
0.590258
0.817519
0.799861
0.251057
0.364471
0.665905
0.299881
0.175825
0.195995
0.576259
0.756079
0.348836
0.140194
0.174062
0.550865
0.927200
0.703172
0.228599
0.898017
0.692160
0.144672
0.361431
0.684610
0.141631
0.247158
0.308472
0.245287
0.387178
0.814782
0.255109
0.640390
0.480931
0.208557
0.512223
0.892162
0.561663
0.341092
0.267542
0.729702
0.493975
0.154174
0.551712
0.172316
0.159708
0.709587
0.701391
0.148082
0.498962
0.160337
0.982596
0.345361
0.171400
0.355140
0.236438
0.179372
0.648580
0.538916
0.325101
0.251116
0.439099
0.612822
0.160812
0.211177
0.944381
0.608648
0.188404
0.530424
0.207605
0.372452
0.387052
0.757759
0.424296
0.213541
0.964820
0.500710
0.151526
0.676716
0.547868
0.558655
0.801734
0.538333
0.192938
0.137417
0.191184
0.337072
0.182131
0.916227
0.181654
0.437515
0.230079
0.589381
0.268118
0.273391
0.919667
0.253206
0.166399
0.173269
0.992399
0.255257
0.476847
0.384110
0.193423
0.202324
0.606075
0.186618
0.748554
0.678583
0.933147
0.410109
0.379094
0.748136
0.220775
0.540446
0.759643
0.311882
0.182169
0.138355
0.285755
0.244517
0.447276
0.485802
0.144114
0.886117
0.981371
0.979320
0.224370
0.163299
0.169685
0.222665
0.308000
0.597878
0.631970
0.440197
0.893820
0.383021
0.607003
0.669072
0.259912
0.566424
0.274393
0.728051
0.423762
0.447622
0.393472
0.321908
0.139605
0.529638
0.329090
0.294770
0.956923
0.147194
0.143200
0.137906
0.963764
0.140532
0.997920
0.216240
0.169570
0.169332
0.355776
0.385913
0.748069
0.224840
0.169878
0.668639
0.636334
0.761933
0.447368
0.165391
0.431577
0.907039
0.889738
0.182886
0.406011
0.350087
0.435012
0.418821
0.185419
0.143158
0.912223
0.177432
0.155702
0.965236
0.180802
0.150060
0.135647
0.180426
0.239768
0.169961
0.225750
0.630314
0.484649
0.168876
0.141720
0.608349
0.834352
0.666354
0.463521
0.373262
0.814339
0.200045
0.338564
0.724548
0.270332
0.137461
0.253655
0.868934
0.425398
0.347526
0.919161
0.388058
0.455625
0.143116
0.374567
0.608694
0.158687
0.375430
0.811496
0.281140
0.471484
0.183195
0.177207
0.228504
0.228597
0.185566
0.139010
0.190731
0.913678
0.476107
0.526046
0.744044
0.703754
0.178100
0.539095
0.190247
0.180897
0.136744
0.165312
0.568611
0.351144
0.151948
0.220654
0.159990
0.160684
0.610704
0.719583
0.188410
0.229276
0.583938
0.391395
0.798758
0.790441
0.512489
0.182519
0.180693
0.702704
0.187475
0.254654
0.642046
0.659534
0.989834
0.477710
0.464150
0.176289
0.257531
0.652477
0.235639
0.260212
0.797001
0.990035
0.675152
0.894837
0.218455
0.798147
0.143786
0.985785
0.574333
0.200174
0.226017
0.335375
0.578912
0.180533
0.265094
0.296686
0.243475
0.353940
0.208482
0.337277
0.665991
0.989064
0.222446
0.659220
0.472486
0.762908
0.858708
0.899100
0.497780
0.202345
0.233957
0.396731
0.200328
0.157956
0.355010
0.323366
0.931556
0.377177
0.318769
0.535023
0.557883
0.532361
0.179434
0.322965
0.710153
0.351474
0.708014
0.172904
0.919202
0.147609
0.430906
0.612180
0.145994
0.708265
0.403561
0.509699
0.540341
0.346541
0.458270
0.268971
0.518127
0.792221
0.788481
0.766951
0.924639
0.279918
0.248006
0.861353
0.780128
0.584153
0.460844
0.435220
0.310980
0.611007
0.140561
0.220844
0.214753
0.735353
0.282150
0.197401
0.802040
0.898362
0.892932
0.865209
0.636279
0.360353
0.440996
0.343808
0.922725
0.202095
0.683298
0.478088
0.160104
0.538768
0.366670
0.148038
0.150811
0.671933
0.942204
0.869337
0.392511
0.434209
0.378353
0.901933
0.265305
0.392963
0.199186
0.420991
0.288966
0.415268
0.614062
0.231762
0.373061
0.548316
0.200523
0.237370
0.197587
0.653413
0.603019
0.182319
0.975737
0.412042
0.644063
0.156220
0.221995
0.236159
0.170883
0.247380
0.158683
0.161007
0.215057
0.460226
0.516573
0.601228
0.415093
0.137049
0.236260
0.610933
0.426323
0.504459
0.253701
0.261789
0.863889
0.699342
0.143543
0.173230
0.166003
0.209571
0.836370
0.739668
0.282326
0.816078
0.304774
0.181836
0.942011
0.499931
0.317302
0.160974
0.913826
0.372042
0.191508
0.196524
0.171223
0.730984
0.873061
0.525167
0.740241
0.206269
0.320842
0.315582
0.768865
0.601452
0.610453
0.664214
0.420621
0.647475
0.850195
0.515937
0.135692
0.711078
0.381622
0.283070
0.580295
0.859409
0.380331
0.546644
0.429645
0.891710
0.650202
0.392621
0.331754
0.920078
0.570137
0.419728
0.672562
0.497764
0.220427
0.497858
0.758661
0.522571
0.157115
0.583307
0.314302
0.708693
0.387441
0.976847
0.458862
0.329400
0.503991
0.460071
0.234229
0.192334
0.962292
0.135922
0.165293
0.365990
0.549014
0.524752
0.326357
0.356970
0.206029
0.800014
0.328440
0.867952
0.335788
0.220896
0.432035
0.546915
0.812612
0.327768
0.285802
0.943386
0.191190
0.663743
0.668572
0.547341
0.648376
0.306782
0.180294
0.326775
0.141141
0.312041
0.464402
0.135819
0.313394
0.567203
0.367299
0.172058
0.297641
0.885730
0.453831
0.453116
0.708596
0.149056
0.393283
0.237938
0.243292
0.169912
0.961552
0.197702
0.411509
0.274813
0.186510
0.581343
0.182405
0.921378
0.318193
0.873884
0.282662
0.423898
0.285564
0.294788
0.977379
0.979910
0.295842
0.306305
0.555808
0.802913
0.389419
0.165431
0.711164
0.176731
0.553880
0.503928
0.194649
0.217831
0.885976
0.349920
0.273485
0.851912
0.511175
0.831575
0.234117
0.704465
0.483430
0.315543
0.649079
0.153824
0.275748
0.183470
0.481810
0.581842
0.399636
0.470911
0.570152
0.873602
0.144242
0.316895
0.701426
0.415048
0.387366
0.498829
0.542000
0.214554
0.251374
0.779542
0.345339
0.222711
0.272777
0.697859
0.189730
0.139437
0.580322
0.328215
0.725815
0.280546
0.765255
0.471111
0.318873
0.211018
0.638671
0.153636
0.907220
0.255236
0.534589
0.517253
0.222974
0.569773
0.163915
0.156400
0.236483
0.469169
0.576471
0.947084
0.743799
0.144910
0.738292
0.256863
0.238467
0.201389
0.179254
0.334313
0.207493
0.768648
0.810776
0.150601
0.215641
0.620450
0.524253
0.508086
0.967418
0.334825
0.576791
0.877661
0.631463
0.308346
0.453973
0.140800
0.175687
0.549842
0.162715
0.306994
0.257969
0.693098
0.290749
0.191877
0.742131
0.214658
0.364177
0.176974
0.319427
0.482360
0.437171
0.489737
0.370765
0.354448
0.544980
0.590771
0.219917
0.285707
0.300162
0.212752
0.706851
0.173131
0.186724
0.446350
0.394460
0.626352
0.464373
0.512074
0.344395
0.558322
0.157204
0.656466
0.386971
0.337731
0.930730
0.287184
0.535680
0.338951
0.375541
0.171111
0.163496
0.164176
0.619198
0.447916
0.429982
0.337451
0.264615
0.698713
0.712394
0.586895
0.148652
0.503557
0.750800
0.205098
0.224763
0.296160
0.949223
0.771223
0.151656
0.326907
0.430591
0.176161
0.214604
0.166626
0.439613
0.199738
0.353583
0.235492
0.500249
0.981156
0.297744
0.604343
0.161082
0.184362
0.270695
0.511784
0.459697
0.529278
0.357590
0.327485
0.310631
0.392777
0.164907
0.233221
0.595245
0.273876
0.510369
0.565021
0.211219
0.571916
0.184709
0.672027
0.744444
0.292897
0.827407
0.327267
0.432279
0.292557
0.569465
0.216248
0.287045
0.169555
0.965659
0.341654
0.230978
0.261399
0.174853
0.784569
0.138353
0.462006
0.256935
0.317556
0.181466
0.313078
0.547240
0.798140
0.633570
0.279294
0.450966
0.988819
0.159733
0.615491
0.664514
0.878649
0.180275
0.549823
0.287553
0.575824
0.160855
0.163751
0.920089
0.341172
0.205156
0.888492
0.861287
0.350141
0.232251
0.150599
0.274710
0.237429
0.514112
0.521539
0.557113
0.689352
0.163282
0.304875
0.550200
0.764403
0.629177
0.248121
0.755856
0.742602
0.152716
0.502277
0.652486
0.203428
0.276163
0.187624
0.865544
0.328239
0.227019
0.796377
0.827469
0.344140
0.707575
0.712688
0.890364
0.164335
0.793066
0.244592
0.288305
0.407725
0.942578
0.160619
0.281066
0.153906
0.361832
0.154642
0.869295
0.227656
0.283518
0.657062
0.169058
0.319930
0.330027
0.815072
0.480900
0.673448
0.152927
0.416240
0.221052
0.256529
0.331484
0.182913
0.652320
0.234550
0.963239
0.580802
0.284809
0.763912
0.142059
0.606730
0.311466
0.989410
0.720079
0.646856
0.152276
0.260548
0.739136
0.978112
0.438284
0.209559
0.642680
0.547495
0.495393
0.212101
0.446248
0.238234
0.142839
0.504255
0.732718
0.233309
0.955819
0.242884
0.315330
0.623500
0.420944
0.303738
0.362130
0.885863
0.232029
0.380123
0.537480
0.534001
0.376097
0.387028
0.345422
0.423176
0.745107
0.255314
0.413914
0.326568
0.395338
0.266014
0.178795
0.195848
0.416905
0.589549
0.344756
0.440022
0.297283
0.252609
0.758567
0.284148
0.453354
0.239199
0.177166
0.190836
0.536843
0.474062
0.169055
