3.137975
-2.204484
-1.342664
0.158059
-1.139266
-2.556554
3.778643
1.956047
-3.032458
-0.403233
3.798903
-0.060201
-2.168922
-0.529140
0.951818
3.370077
-0.874098
1.302617
2.203927
0.414758
0.699523
0.558758
-4.834062
-1.327801
6.903363
3.248367
4.418259
-1.081802
-2.150235
-1.106943
2.546703
-0.501168
-1.545551
-2.362909
-1.069411
-2.695973
-1.789770
-1.742987
4.471716
4.986661
0.289221
3.389926
4.311015
-1.489983
-2.090311
4.652546
-2.225914
1.791329
-1.610677
2.576304
-3.213051
-0.681941
1.624730
-0.328834
-0.917477
0.552753
-2.323271
-1.103568
-1.876640
2.935868
0.116632
-1.682884
-0.464021
-0.625855
-0.335834
1.603550
4.055755
0.135786
0.459521
-0.399528
1.339017
2.341676
-1.478789
2.117209
-0.016782
-2.819789
0.237173
-0.444829
2.155047
-2.515797
2.261420
-2.105328
-1.748975
1.332277
-0.801735
1.580782
0.396284
-0.198944
-1.945156
-1.326759
-2.264508
-0.075390
1.351365
0.240964
-1.043620
-1.847971
2.146125
-2.388549
2.212213
2.484086
2.970978
-0.633696
2.429019
0.646921
-2.356700
0.462476
0.468120
2.245376
3.752270
1.679121
-1.882071
-1.480208
0.946360
0.081964
0.104280
3.864537
2.809849
-1.700433
-0.205953
-1.930948
0.313730
1.539897
-0.109206
0.708840
-1.453898
-2.752709
1.937190
3.697788
5.624617
0.830166
-3.799958
-1.301104
0.726761
-3.988047
-1.118053
-0.020291
1.745798
-4.495575
-0.475112
-1.316475
2.586963
-0.447056
1.661394
0.415801
1.207941
-0.030625
0.464479
-0.252882
0.210227
-1.342420
-0.191099
1.529148
0.456845
0.086270
1.371248
1.006900
3.644269
-1.240173
-3.695813
-0.328034
-1.503091
-2.077998
-0.775811
-0.845317
-3.691263
-0.113448
-2.968338
1.135751
0.335136
2.618776
0.405483
-0.935836
-3.254422
-0.573535
-4.485897
0.669432
1.149921
-2.683448
2.305538
-0.635102
-2.187642
-0.108863
2.013787
-1.075867
0.491418
0.308559
-1.429613
-1.385169
-0.125950
4.577156
-0.069397
0.637732
0.587328
-3.326398
5.485304
-3.942584
-2.088185
-1.597173
1.211201
2.575448
-1.447383
0.193461
0.870122
2.154266
-2.331714
-0.130106
-1.243724
0.762060
-0.734228
0.031591
1.384530
1.455091
-2.754859
1.832512
-0.648371
3.328912
2.022144
-1.104223
0.879218
1.817326
0.610642
4.111265
0.193800
-2.719033
1.741859
1.523519
-1.155563
1.451442
2.198140
0.418961
-1.063488
0.335039
-2.106784
1.778999
1.330750
-1.207247
3.465392
2.575328
-3.182567
-1.219231
2.032086
0.317652
1.213503
-1.199398
-2.933970
1.271248
0.126402
-2.608730
1.789680
-1.349545
0.061928
1.403373
2.431729
0.088271
-1.385940
-0.132278
-2.126174
1.971939
1.084180
1.261661
2.691063
-3.582245
-2.810801
0.654383
-2.161562
0.182665
1.907593
0.247471
3.689077
0.135798
1.759042
2.638505
-1.593874
0.541069
-1.648198
1.260287
-0.971776
-2.017321
2.492892
-2.175529
0.423309
0.730191
1.133010
0.583069
0.547866
-1.318659
1.225546
2.474754
1.407698
0.612018
-2.136617
5.561972
0.200174
-1.331861
2.182255
1.135287
-0.961334
-2.441430
2.450169
-1.679680
-0.195094
0.384644
1.086666
0.868910
0.967248
1.509872
2.490161
-1.070840
-0.443763
-0.059577
1.208555
-0.112895
0.211818
0.249484
-1.245335
1.114425
1.266663
1.486589
-3.414952
-4.590844
2.119268
-1.283229
3.297397
-3.013680
-1.041539
-0.838494
2.940280
-0.490856
1.376177
-3.030618
-2.893980
1.977319
1.457040
-0.066117
-1.270787
-1.618457
-1.630021
-1.588694
-0.946900
3.616183
-0.470412
1.292591
-0.698615
1.899023
1.396411
2.528148
-1.836220
2.791117
-1.368255
1.293095
1.409710
1.601260
1.501189
0.156882
2.225587
-3.242634
2.784203
-1.009120
0.873999
-0.836591
5.325099
-2.301297
-0.995906
2.281997
0.879133
-0.118268
-1.573843
-0.193778
-0.306972
2.002398
0.222143
-2.087420
1.422391
-3.182198
3.030904
0.703511
0.940832
-2.247842
0.176857
1.590294
-1.304532
-1.147671
3.470595
-1.968781
3.124127
-2.272582
0.705839
-3.810779
-0.560630
4.055889
3.084238
3.591199
-0.221382
-1.548130
0.179399
2.434798
0.902274
2.916200
0.946926
1.947006
0.231693
1.230884
-0.909001
-0.426416
-1.062802
1.633916
0.594221
-3.774267
-0.108201
0.588193
-0.162712
0.780834
1.874016
0.736550
-4.653183
3.608610
-1.433490
-0.864195
-2.072591
3.821366
0.465623
-3.070828
0.240087
1.156765
-0.212626
0.935122
-0.032860
0.067114
-0.197172
2.742333
-3.544390
-0.356217
3.166567
-1.231130
-1.664848
1.983500
-3.158534
0.544355
-0.959829
-0.903080
-0.766500
2.129987
-1.892348
-1.594768
-3.623651
-1.228395
-0.649593
0.909419
0.479895
-1.897398
1.233068
-0.325768
3.163795
1.782043
-1.707181
-1.814378
4.034667
-2.653133
-1.609565
-1.001477
2.220851
-0.397067
2.364811
-1.967272
3.647210
-0.069128
-0.893813
1.431245
2.014221
4.805152
-2.925215
-2.310100
-0.074014
0.670342
0.872983
-1.486853
-0.706167
-0.478408
-2.526273
-0.675307
2.036612
-2.662054
-0.339398
2.107557
-1.336656
0.332984
-1.979776
0.386929
-2.073776
-1.148836
-3.965641
4.158777
0.567871
-1.914584
-1.486692
0.610308
0.237008
-0.554363
0.472082
-0.893534
-0.257234
-0.567728
4.511101
1.465095
-1.111350
-1.980693
-0.550307
-0.134079
1.727864
2.764181
2.702115
-3.597831
-2.960613
-0.489334
2.547510
0.712691
-1.225311
1.211681
1.546659
6.197614
-1.928314
0.740752
3.041210
0.691827
6.380528
-1.973080
0.947458
-0.727398
0.094221
1.517803
-1.933714
0.178731
-2.421206
0.284602
1.517147
0.724415
-0.243899
2.143655
-0.993201
-0.303884
2.848356
-1.931301
-3.354578
0.531114
-0.801013
0.587573
2.856578
-3.635163
1.323015
-0.865394
2.796363
-0.992830
1.074307
-0.674441
-3.884318
-0.185935
-1.846495
-0.290301
3.099725
2.242915
-2.098408
2.669806
-0.146694
2.749484
-1.011424
-3.328305
-0.347730
0.491524
0.200677
-0.508067
3.134887
-2.542888
1.870446
-0.577794
0.076147
-1.633458
0.177054
-1.425149
0.102423
-1.732577
1.674350
-0.076782
1.522898
2.013889
-0.862131
1.328762
1.596657
1.188583
0.745823
1.776950
-0.367853
1.873309
3.337433
1.274348
-1.464835
2.150560
-2.972939
1.244400
1.039030
-0.808096
-2.222288
-1.877480
-0.290029
-2.010681
2.616698
1.926400
0.973307
-3.179842
1.736137
-0.811246
2.649499
-1.526614
-0.612341
2.433004
-1.666080
0.634924
5.492970
-2.769515
2.255694
-0.896545
0.064268
-1.032567
4.376860
-0.231640
-0.328267
-2.956682
-2.425004
2.080253
-4.096597
-0.733033
0.125597
1.886595
1.757309
-2.508181
-0.310429
-0.337375
-1.618356
-0.077431
0.647280
-3.187603
-1.414044
-1.221388
0.769747
1.596481
2.794840
1.120030
2.875999
-4.800948
-1.326091
-0.782921
1.206819
0.640093
1.738950
1.344064
0.805114
2.192930
-1.770667
2.087412
0.647745
-0.890204
-0.917374
1.103003
-0.564542
1.501137
-3.570532
1.423012
-1.008735
4.172930
0.914081
-1.510970
-0.777119
-0.316684
-0.043471
2.560183
-0.391967
1.570076
0.232266
5.356808
-0.318269
3.456380
-1.745980
-0.224163
2.682756
1.124227
-0.509181
0.664738
-2.846283
3.718683
-1.046355
3.363419
-0.477962
-1.190106
0.314371
1.914785
-2.406546
-0.086593
3.577251
-2.718815
5.960941
1.674157
-1.808060
0.543382
3.602922
1.029744
2.581231
0.269062
-0.323378
-1.354854
2.221268
2.308971
-2.272687
-0.558097
1.794740
-3.338018
2.901231
0.793533
0.968799
-1.794400
-4.036825
-1.890407
-2.359483
0.504247
-2.218797
0.206100
-1.403713
1.109516
-1.225254
-0.117617
0.647538
0.576074
1.402146
1.559280
0.662092
-1.530683
-0.207103
0.134868
-0.121957
2.685607
0.887199
-1.292537
-1.714953
-1.932237
3.946916
0.578925
-0.736266
-1.988311
0.665914
-0.294451
-0.272390
2.734796
1.580865
-1.412870
-0.250767
2.770244
0.368077
-2.537071
0.670361
0.963633
-1.295679
-1.334401
-0.516969
-0.445303
-1.119990
0.227229
0.479430
-4.423764
-2.674549
0.962107
2.253925
4.274894
-2.945553
1.794807
-2.124773
2.913610
-0.114034
-0.485455
2.643489
-0.487385
2.232864
-2.109262
-3.355865
-0.520185
-1.395872
1.684707
-0.975050
1.172205
-1.341718
-2.876341
-1.967528
1.917558
-3.215849
1.453824
-2.717515
-0.357135
0.437202
-2.072929
1.100060
3.136660
-1.385397
-0.280473
3.044464
0.711841
0.627234
1.863432
0.966229
-0.991875
-2.153268
0.106071
-1.954887
-0.699414
-1.435006
-2.029969
-1.179889
-3.498981
0.425723
3.400622
2.986423
2.295034
-2.386820
-2.498741
1.221935
-2.597349
1.206473
-2.604397
-2.892766
-0.622416
-0.963554
4.216647
-1.616899
2.377107
-1.848101
0.449496
1.769199
0.069923
1.829403
-2.024610
-3.257237
-1.348412
2.058533
-2.420180
-2.236849
0.290748
-3.159810
-0.672510
0.654131
0.137013
0.912959
-3.901689
4.437743
-2.412944
-2.657472
1.826554
1.016915
-0.181355
1.570139
0.436782
-0.546315
-0.048482
-0.826301
4.222682
-0.323896
-1.615857
0.607152
-4.409541
-0.641464
-3.219440
0.412104
0.865780
-0.285897
-0.386305
-0.498252
0.136588
0.231210
1.459956
-1.948646
-4.890209
0.371295
-0.695378
-0.388424
-0.630512
1.933720
-4.466945
-2.093399
1.714742
-5.305295
-0.564016
-0.760588
2.054098
-1.983608
0.306431
4.157856
1.781298
1.690149
-2.324580
4.232992
-1.668335
-0.513772
3.952781
0.898453
3.927437
1.492836
1.216610
-2.366007
6.583446
5.052213
2.311774
0.049453
0.903359
-0.929750
-0.144793
1.652700
-0.633084
-2.219804
-2.563576
-2.710302
-1.181187
3.238384
-0.175079
1.026074
-1.531837
1.018058
0.460912
0.340543
-2.160065
2.599716
-4.947397
-5.394437
-1.473994
0.625573
0.227785
0.618440
-0.087855
-0.408771
-1.066073
0.704022
-0.440123
-4.314105
0.466136
2.270987
-4.096388
0.366356
0.983817
-1.541859
-2.242399
-0.889395
0.717040
-2.019275
-0.160005
-2.231391
0.808221
-2.011087
-2.079737
0.024036
-0.917667
-2.890542
-0.693980
-1.429399
1.727770
1.672917
1.778013
-1.485501
3.931783
0.563789
-0.158076
1.313546
4.560814
0.929075
-0.313321
2.230809
0.514740
-0.877788
1.124647
-0.610929
1.068573
3.321973
-0.044134
-0.001000
-0.677351
2.880108
-0.762315
-0.897900
1.682398
-0.545142
-0.691161
2.250924
4.528729
1.262364
1.703399
-1.813105
1.819899
-2.128007
1.764106
-0.545183
3.354007
1.271179
1.642796
-1.945058
-1.684157
-1.130008
1.383785
-1.540317
-4.012765
-0.580417
-1.708608
0.852389
-2.947952
2.060022
-0.400563
-2.236312
-3.095697
2.538468
1.985907
-2.665398
2.555967
0.286970
1.365581
-1.847936
-0.815673
-1.164791
-0.917796
1.867726
4.082430
-4.751849
-1.100870
-3.957287
-1.228628
-0.148918
2.215445
-0.501854
-1.859880
-0.886040
1.029161
-1.565259
-2.753412
0.581939
-3.231009
1.981900
-0.404995
-1.755163
0.526431
-2.807292
-2.212130
1.192774
-1.813295
-1.796161
4.286206
0.842747
-0.116649
-0.539921
-5.304740
2.487192
-1.037224
2.002404
0.830801
-1.543210
0.235731
1.323450
-2.288756
0.801319
-1.236138
1.811522
-2.169954
-1.117391
-3.716532
1.367435
0.739965
-1.894843
-1.039116
-1.060847
-3.302787
4.954096
1.131265
-0.227602
2.452365
2.043908
2.368972
0.253430
0.212966
-2.937662
3.827834
1.931716
0.141698
1.575607
-4.074153
-1.598877
-0.146304
-0.775218
-0.318924
-0.549027
-3.777123
-2.071795
-1.808059
1.200609
-3.324918
-1.081339
-1.543601
0.095258
3.976525
-0.068667
1.151484
-1.931952
1.501232
1.403286
-0.293184
-0.987041
2.173138
1.309813
1.954393
2.170753
1.650640
2.205736
-2.821312
-0.785850
-1.874742
1.558538
-0.387890
-1.897219
-2.058949
-2.010088
4.391953
-1.123635
-3.894109
0.043136
-2.098980
1.535362
1.138693
-2.478940
1.583551
5.469866
-0.623489
-4.342907
-0.260276
0.393353
-0.098876
1.811717
-1.032057
-2.513307
0.166917
-2.139424
1.947205
-2.233997
-0.213574
3.498184
0.285951
-4.098927
0.715149
3.344082
1.318858
0.188189
-2.101038
-0.943635
-0.166670
0.366157
-2.896829
-0.874220
-2.888412
0.720202
2.914772
0.186253
3.265848
0.904302
2.996639
0.101546
1.309294
1.985583
-1.530168
-1.190959
0.021807
0.471270
-4.157779
-1.668482
3.444399
-3.679411
0.607246
0.786864
-5.241323
2.484636
-0.834874
0.468269
-2.883204
3.562849
0.336414
-0.931921
1.801450
-0.895544
-1.988125
-0.495299
1.319715
-2.218927
2.420765
-0.382176
1.436683
-0.474596
-1.525975
-1.069775
1.151902
0.398566
0.327119
-2.518879
2.309456
2.913095
1.436171
0.526561
1.421724
-3.454693
-0.676919
0.996073
0.253122
-0.785287
-1.129091
-2.890641
-0.983593
-3.152765
-0.967758
3.328536
0.300081
3.589542
-1.749831
-0.291977
0.711470
1.382960
1.364172
3.313383
2.601428
1.692061
0.282205
-2.795527
-2.543800
-0.652177
3.909583
-2.691456
-2.453261
-0.472009
4.945885
-2.528210
-0.006183
-0.573406
0.837835
-0.794152
0.195784
-0.807157
-1.562995
2.239674
0.100002
2.492558
1.290102
-1.671765
3.373472
-0.230281
0.047214
0.533795
-2.212686
-3.728406
-2.334713
-1.303145
2.637754
3.471868
-0.081501
-3.259609
-1.224344
-0.646363
1.982606
-0.823967
-3.239839
0.484160
-0.121441
1.017134
3.488325
-2.247049
2.480854
0.033878
4.379005
-1.152160
2.334662
0.201002
-1.428433
-0.056835
0.833435
-0.419293
2.297256
1.092863
-1.776339
1.007569
1.594662
1.569590
-3.531487
0.336131
-1.941620
1.641056
-1.165996
-0.610952
-0.848746
-0.778420
-4.213638
-2.960725
2.419270
1.766647
1.088354
5.600985
-3.052838
-1.247533
-0.275666
-1.280189
-0.903581
-2.012686
-2.387418
0.097798
-1.070772
-0.109781
0.088585
-1.810857
-1.805168
-1.019620
-1.173385
1.077886
-0.167747
1.766553
-0.829548
0.481238
0.629665
3.380280
2.371768
2.457483
1.696375
0.153388
1.980835
-1.788428
1.297604
-2.215984
1.824014
-1.331665
-2.738002
-0.129137
0.781426
-0.090065
-0.648574
0.049253
3.014385
-0.667096
-0.488072
-1.079184
-1.035367
-2.828900
-1.369704
3.100828
3.100412
-1.475386
1.615530
-0.781354
3.036257
-3.976821
2.390803
-3.310380
0.843324
3.547608
1.074583
-0.506369
-2.584888
2.528047
-0.797324
0.430700
-1.596318
0.455849
-1.445136
1.815521
-0.211961
-0.348071
-0.872361
-3.056896
-0.789923
-1.283384
0.058349
0.526942
0.199945
1.488720
-1.276499
3.266778
2.454173
2.762875
1.860774
1.152672
-0.259322
0.249348
0.601801
0.141113
3.105048
-1.530436
0.799115
2.589920
1.354529
4.724118
0.192118
4.406091
-2.821105
-0.505346
1.163876
1.504719
-1.000381
4.224620
-0.043891
-1.351345
0.194595
-3.709264
-3.666429
-1.268499
-1.526133
-1.766302
-0.190330
1.333068
-4.156114
-1.481156
2.884579
-3.153829
-1.382105
-2.478201
-0.000606
1.821286
0.432442
-2.993074
0.104784
-3.228239
2.073621
3.971903
-0.658630
-0.314473
-1.960864
-4.195233
-0.178354
-3.394445
-2.075570
-2.217648
0.454344
0.485512
0.095321
-0.010346
2.265198
0.492598
1.057912
-0.996396
0.326192
2.793272
2.071886
-2.441182
-2.616500
4.130501
-0.054670
-0.295441
1.761079
0.561731
-0.262657
-3.073321
1.708780
-3.482069
0.819396
-0.525345
0.950185
2.687144
2.192680
-1.037221
-2.552076
-0.999064
-0.661663
-2.137462
2.450001
-1.938668
-1.197735
-1.304410
2.743942
-0.023967
4.448033
0.996924
0.082592
-0.018636
-1.777890
-0.617554
-0.715013
-0.183181
0.229143
-4.451471
-0.271865
-1.257489
-1.756952
0.406864
2.100324
-3.181740
1.160069
1.100727
0.340809
-1.184195
2.212680
-1.498981
-1.866324
-3.155828
0.749323
3.438039
1.075410
0.802202
-1.224760
1.796034
-2.014648
-2.550394
-0.437754
0.817398
-0.188954
-4.498309
0.571760
0.741787
3.049396
-2.243518
-2.917558
0.386263
-1.716517
-0.025422
2.949417
-1.392349
1.644475
2.204983
-0.386471
-0.468693
2.007572
3.327857
1.248999
1.210314
-2.343849
-1.254798
0.057590
-0.956246
1.700283
-3.465335
-2.609016
2.302082
-0.982190
2.742565
2.001695
0.622851
1.977209
3.414753
0.909647
0.521252
-3.488651
2.622072
-1.032834
-1.760228
-2.233748
-0.034347
-0.557153
-1.916824
-1.333382
0.586806
-1.773024
-0.673556
-3.014435
1.742010
-2.960531
-0.468939
1.205628
0.833405
2.021240
3.492763
1.020145
-1.477129
-1.457971
4.543085
0.064800
-2.206436
-2.678609
-2.893005
4.608088
-1.358483
-2.214228
-0.919408
-1.385103
-1.860880
-2.052301
2.594554
0.743790
1.036773
-1.802586
-3.526135
-2.568354
-2.834090
-4.962772
3.352277
-0.368710
2.138679
-1.929166
2.266036
0.320716
-2.493870
1.693626
2.160592
5.385243
-3.252291
-1.798449
4.815622
0.314539
1.719755
0.301572
3.560047
-2.333822
1.564347
-1.148176
-0.080674
-1.165747
-2.253298
-1.356390
0.688133
1.516770
-1.085165
0.441683
-0.715643
0.451067
-1.726259
-0.083551
-0.618001
0.842175
-3.281324
2.943561
-1.927769
-2.973415
-3.149665
3.433904
1.768238
-0.516162
-1.616276
-0.761198
1.316287
0.956894
-1.178520
-3.411472
0.622172
2.508796
0.399347
1.986860
-1.573528
-1.040160
-1.107116
-1.737774
-1.639096
0.674829
0.564797
-1.758523
-1.982573
2.330053
-0.740123
1.001226
2.473993
0.994525
1.212979
0.831047
2.822574
1.025170
-1.766577
0.716035
-3.244174
3.693799
-1.859899
-1.523972
0.306392
1.644871
1.506434
0.597502
-5.682346
0.180447
1.642274
-0.259824
0.069790
-1.057996
-1.304382
-1.217895
1.079286
1.263942
-0.323034
-1.559733
0.449885
1.396869
3.237964
-0.383367
-2.076733
5.211818
2.728660
-0.516488
-1.643666
0.800124
-0.087134
-2.353159
1.959435
1.372381
-2.654315
-0.185595
1.361804
0.699911
-0.140770
-3.743454
0.470791
1.760532
0.001440
1.651553
-0.781746
-0.934887
-2.348166
-1.668681
1.273445
-0.664642
-1.698338
1.900742
-1.442823
1.090927
1.921207
-1.230571
3.029321
-0.548569
2.065600
2.969076
3.491433
-0.444606
1.179260
-0.092594
0.082340
2.002878
1.262775
-0.476097
-4.101179
-0.736518
2.444499
-3.580236
-4.081907
-0.909517
2.604976
-1.510171
-1.070379
-0.722904
3.172394
-0.169758
-1.883996
-0.232541
-2.223185
-4.608007
-0.828254
-2.981130
0.998258
-0.165434
1.320578
3.737322
-0.421752
1.597899
-0.485152
2.636807
-2.270571
0.762365
-4.303667
-0.519384
1.236577
-0.536781
2.155340
2.030470
4.170298
0.521775
-0.519296
0.789390
-3.195702
0.912039
-0.948189
0.587715
0.757864
0.451713
1.392238
3.534593
1.477699
1.224213
0.370938
0.637365
-0.510278
0.841430
-1.215263
1.147614
-2.436569
-0.807240
0.774966
-0.111635
0.685019
1.693334
0.108361
-0.923351
1.002642
-1.096538
0.071229
-2.335633
1.711938
1.904479
1.182006
1.503940
-0.840484
-1.468488
-1.122948
-2.695860
1.337801
0.274077
-0.334792
-2.389199
-0.744356
0.393000
-3.929627
0.860363
0.974150
-5.458473
0.284331
2.187217
2.468373
1.787702
2.040180
-1.686431
4.203537
0.877981
-0.685371
-2.713252
-0.505860
1.817878
-0.072598
0.663861
0.868957
0.542314
0.385087
-1.096439
-0.743764
-1.954426
2.887480
-0.879142
3.730863
3.923401
-1.953115
-2.540623
0.995612
1.343164
-0.218145
1.817285
0.796829
0.833295
-1.190333
-2.585670
-0.358137
-0.243359
0.350518
0.943669
0.077071
-0.546825
0.409991
0.958240
-2.853194
0.219465
-3.446014
0.978964
-1.093655
-0.321790
1.057752
0.405965
0.949932
-2.465451
1.554730
-2.639302
0.259495
1.349482
-1.373589
0.172050
4.238094
-0.225276
-1.775346
2.666851
-1.949270
-0.713917
-1.467832
-2.155402
1.129251
0.397417
-0.950708
-2.074509
-0.767231
2.098040
-0.442513
1.184674
-1.458737
2.722208
-0.550882
1.764975
-6.111718
-4.111041
-0.935938
0.200068
2.429176
1.761260
0.744191
1.243243
-0.296244
0.587189
0.080624
-2.705863
-3.998857
1.899821
-3.585901
0.859275
1.792199
1.706113
-2.086250
-1.038216
-2.153417
0.446728
-2.854680
-0.885277
-0.620521
-1.086886
-2.530886
-4.697046
-5.889742
1.273131
3.479230
1.968192
0.672700
-1.259283
-0.593247
3.107386
1.007931
0.251844
-0.750494
-1.053963
-0.137826
0.047375
3.042667
-0.945563
-0.072978
-2.201019
0.347243
0.664486
0.534879
-4.109531
3.028943
1.324731
-0.227888
-0.989836
0.898454
-0.456005
-0.045251
0.290496
0.438825
-0.833135
2.201563
-0.862743
-1.103795
-2.277836
-1.522569
-4.111394
0.093805
-2.523472
-0.524774
-0.070295
-1.567793
-2.276179
2.446235
0.991334
0.628175
-0.249554
-2.216673
1.743365
0.579983
-1.218573
-0.303921
-0.130758
-0.846969
2.835966
1.886050
1.750997
1.534289
2.075840
0.197795
-0.905874
-0.733789
-0.462684
-2.600919
2.291893
1.294434
1.456505
-0.082840
-1.479091
-0.128987
1.768758
0.986899
-3.425067
-0.104034
1.898644
0.505111
0.486720
-1.640543
-1.252662
0.009928
1.130069
2.708865
-0.269426
0.065497
0.743972
0.265464
0.121279
0.388352
-0.154168
0.604627
0.548567
-0.725364
-0.529819
-0.040142
0.225472
-0.277400
-3.524531
-0.065357
-0.488004
-0.082533
2.262042
-3.528854
1.434536
1.497655
-1.061053
-0.446987
-0.928432
-1.412776
-0.223658
1.654686
0.431808
3.021316
0.240633
0.370980
-0.652387
2.289346
-0.218058
-2.302365
0.538703
-2.205217
-1.244664
-0.020170
-2.207796
0.990587
2.039427
0.027150
-0.972986
-2.931182
4.354292
-1.290367
-0.902178
-0.932238
4.760474
0.343342
-1.362893
3.201476
0.673485
3.155049
1.299175
2.398036
0.721417
2.127014
-2.217686
-2.370708
-0.604977
0.135937
-1.948506
-1.096803
0.193585
-0.226028
-0.277580
-0.973648
0.909289
-0.907757
-5.070127
0.858097
0.331569
1.116617
-0.007013
-0.909147
-1.963060
1.288620
3.899449
-0.873593
-1.338238
-0.724352
3.747906
4.073896
-3.610726
0.566342
-6.546102
-1.602279
1.014619
-1.323787
-3.217400
-0.805668
-0.098028
1.250588
-2.181212
-1.164588
0.618290
4.579037
2.365820
-0.322961
-1.937712
-1.785952
-5.444409
-1.216397
2.027294
-3.573183
2.392003
-3.468204
3.243579
-2.315277
0.947499
-1.021173
3.008961
-0.977141
-4.867428
-1.043505
2.816265
3.143739
-1.375606
0.489227
1.485085
0.850397
0.858742
1.043334
0.624837
-1.760962
-3.152952
-3.722565
-0.257301
-1.216448
-3.051550
-0.594747
-1.127218
-1.589439
0.854483
-1.981672
-0.136959
0.862062
-1.814170
4.102041
-1.667125
-0.408746
2.756731
-3.705441
1.943389
0.466536
2.716172
4.164052
-2.638042
0.730472
1.299472
-1.126248
-4.088272
-1.728609
0.010847
-0.705145
0.396606
6.236473
2.243882
-1.568607
-2.254869
-2.448516
-2.757789
-1.862845
0.037559
-1.154090
-1.518061
-0.188132
3.437403
4.730248
-2.873417
0.580892
-0.441506
0.395172
-1.273299
-2.179256
4.628316
-1.694300
-2.244402
-0.715616
0.081259
0.947948
-0.453788
-1.787304
-0.153915
1.453418
0.558538
2.830364
-4.105193
-1.434185
1.641818
0.134120
0.163871
-2.152088
-1.261643
0.352191
1.587030
-3.237913
0.380341
-2.734854
-1.852126
0.410705
1.971171
-1.382674
-2.486868
-0.085443
1.132971
0.002762
-2.785767
1.083278
0.115321
0.477971
-5.123966
-1.038010
3.179593
0.006574
-2.107394
2.044768
-0.913533
0.552028
-0.879039
-2.424404
-1.876058
2.447371
-0.935300
3.067945
-1.456917
0.560960
0.795578
1.689261
-0.335107
-0.813536
-1.347846
2.399632
-0.092334
-0.962221
-2.281298
-3.036621
-1.033952
-1.522689
-0.722593
-1.473085
-3.994442
2.551317
0.239658
-3.546715
4.611424
0.580211
0.942880
0.393027
0.217525
1.513344
1.644349
1.304760
1.227878
1.958350
1.325756
0.893978
1.230111
0.754134
0.719814
2.126718
-0.692992
-0.738784
-0.267653
-2.294506
0.087758
-1.083574
0.198728
0.042711
2.353677
0.223385
4.061212
-1.028816
2.624416
0.812877
-1.260773
-1.560630
0.989337
-4.314164
-1.833047
0.455113
-1.348873
0.796363
-1.041434
1.973433
-2.409106
-2.647771
-2.345406
-0.928721
2.264790
0.680347
1.882376
-0.688045
1.017684
-1.328375
-0.954576
0.157516
-2.980588
3.713210
0.449274
1.512408
-1.890737
1.032679
0.234999
-0.775081
-2.504926
-2.015386
-1.537629
-0.550096
-1.145141
-0.311255
-2.122082
-0.594686
1.326900
-2.313730
-3.095516
1.153193
-4.581296
5.068923
1.910448
-2.501490
2.099832
4.083664
2.857561
-1.940878
-0.565981
3.014029
-0.109380
-2.031912
2.831268
-5.120400
0.262995
-0.988847
-3.341523
-1.024384
1.561827
3.279284
3.248507
-0.137020
-4.689928
-1.307232
-0.786389
-1.545172
-0.916232
0.542952
2.714332
2.464901
1.239368
1.661115
-2.661229
-0.530745
-0.627165
-0.461564
-1.115617
2.697040
1.721910
1.365971
-0.929432
1.854546
-0.467479
4.728290
-3.232474
4.861028
0.079753
0.048209
-2.794697
0.786321
2.684894
1.705073
-0.873016
-0.014207
-1.001858
-1.560149
0.916462
-2.194807
-2.900721
-2.131805
-3.144804
-2.270816
-2.804881
-2.766635
1.280978
-2.515002
0.784222
-2.108115
-2.102632
-2.748749
3.391244
1.290916
-0.659497
2.002147
0.628925
2.027464
1.353950
1.881120
1.357965
-0.242137
1.766299
-3.657928
-0.253482
-4.269774
-2.613674
-0.478557
-0.778746
2.071504
2.901501
3.543925
0.156889
-3.116339
-0.844598
-1.575431
-1.875927
2.432768
-1.952128
-0.841004
0.709667
-0.512952
-0.999836
-1.760648
2.619888
-2.067483
0.254274
0.421897
-2.110891
-2.502754
2.380304
-0.619406
0.987325
1.774247
-1.069966
-2.053660
3.483171
-0.085761
-1.056211
0.288208
-0.629037
-1.472035
2.456819
-2.065162
-1.344437
-0.825668
1.287262
-1.657993
2.791701
0.854066
-3.000992
-1.440701
-1.319815
-1.949252
-0.174187
-1.539192
-1.492371
-0.068883
0.958865
0.944495
-1.326546
-0.727962
1.155285
0.161259
1.180668
-0.679812
1.383310
-1.811503
-0.200526
-0.511689
-1.337943
0.065689
4.809070
-0.544000
-1.929680
1.191674
-0.489167
-1.418311
-0.963290
3.489569
-0.507924
-2.909742
1.092044
0.845133
1.372314
-0.360482
-2.275535
-0.554817
2.473912
-4.767505
1.502087
2.709009
1.472684
-1.774626
-3.167037
2.477625
-3.379392
2.979864
1.407355
-4.762582
-0.461750
-2.961073
0.231236
-0.400676
3.914314
-0.726709
0.945850
-0.260667
1.359564
-0.278740
2.570903
-3.593528
-2.601619
0.401051
-1.758353
-2.566617
-4.256010
5.272863
1.415579
0.356632
0.688360
-3.725860
-3.103019
-0.358126
-3.196868
-1.844588
-0.212619
1.069825
-2.279001
1.061348
1.956224
-0.930558
-2.827144
2.796890
0.095666
0.624424
0.652943
0.380784
-2.264855
-1.453586
3.983223
-3.329046
-0.783184
3.306468
0.068682
0.331750
-0.476860
2.317242
1.153226
5.122094
0.460155
-3.056185
1.742383
1.405909
-0.238731
-0.510001
2.497520
1.829632
-2.679895
-0.436083
3.299101
1.858818
2.919316
0.852262
0.830992
-3.693152
-1.675502
-2.963003
1.048471
2.062300
3.538893
-1.207380
5.644978
-0.474175
0.971387
-1.740517
1.104005
0.821682
-4.159248
2.314419
-3.161390
2.598403
-0.804756
-2.441592
-0.776331
-1.496926
-0.532514
0.620551
-2.740320
-2.152890
-1.590664
2.880319
0.021564
-0.716768
-3.869496
-1.565652
5.882154
2.643909
-1.667809
-0.954577
1.343916
2.486319
2.560324
-0.256819
2.504798
-4.338327
-0.892236
-2.071358
2.540350
0.326504
0.688707
-1.688434
1.391892
0.875060
-1.024808
0.871404
2.304752
-2.729691
1.000690
3.701524
1.827558
1.996602
0.870229
-1.629516
-2.424250
-0.998237
-2.485205
0.108391
0.642048
2.435932
-0.532238
-4.563719
2.339125
4.932851
3.138194
-3.109991
1.575591
0.148631
4.436799
2.567818
-0.173543
2.328637
-1.001881
0.801391
-0.782493
-3.106043
-0.589197
-0.546141
1.196153
-2.075735
-0.511510
3.705876
-2.241866
-0.972909
-0.586153
1.647201
2.057846
-0.279803
1.387352
2.312428
0.190580
1.785053
-0.615404
-3.233363
-2.899430
5.355111
2.955172
0.798479
2.372679
1.429705
1.658687
0.774346
-0.687476
-1.766680
-0.888175
-2.056153
0.430716
-2.271898
-1.492104
0.634647
2.549073
-2.800780
0.050257
-2.595969
-1.195967
-3.133170
2.252722
-2.603241
-1.939778
-1.221039
3.717938
-5.207245
-1.122499
0.074887
2.594943
-4.765098
0.770813
0.510816
-2.088076
-2.462102
-3.040176
2.054482
-2.268095
2.052827
0.539754
1.931707
-4.055350
1.782932
-3.167805
-0.639440
1.444220
-0.319672
4.860329
-3.480100
-0.671232
5.796953
0.668051
-0.714199
1.291322
-1.838618
3.774523
0.270759
-0.672238
-0.773131
0.796706
-4.344284
1.153250
0.881217
1.935501
0.955422
-0.005274
1.229181
-0.954418
2.797199
0.768699
1.810692
-0.465185
-3.622350
-1.065160
-3.112687
-0.780862
0.119363
-0.411092
-2.729154
0.007099
-1.575911
2.226189
1.474362
1.883195
-0.637300
-0.864267
0.392721
-0.558008
-2.784612
-0.557840
-0.948372
0.834007
2.212992
-1.061519
-2.298197
-1.611346
0.898282
0.277487
3.143622
1.275709
-1.202601
1.809071
-2.131624
-0.352153
-3.344954
-1.283315
0.960418
-1.050647
-1.412643
-1.294293
-1.612463
1.955272
-1.520692
1.076377
-1.256540
0.036334
-4.867266
-3.228792
2.354593
-2.001160
-2.344093
-0.503597
1.886550
-1.033566
-2.131812
2.340523
-0.328229
-0.451352
-1.030605
-2.447687
-0.523658
1.334160
0.757179
2.219851
-0.898667
-0.949800
5.319501
-2.000048
0.771067
-3.014627
-1.594617
-1.575599
-0.645579
-3.632400
-2.952742
2.448787
0.514649
3.024429
-0.872396
0.116320
-3.787897
3.731495
-0.695093
-0.771808
0.123415
-3.094336
3.716694
3.653071
0.779709
2.331996
-1.385012
-1.335744
0.963662
-1.317886
-1.664448
0.327812
0.023104
-1.097589
-0.621616
2.635679
-3.118793
-2.105040
-2.366568
1.866796
-0.322548
-2.990528
1.339358
-0.477761
-1.734203
4.115029
0.298760
0.793170
-1.227580
-1.839891
-0.527979
-1.456839
-1.427099
-1.309667
4.029869
-0.066828
0.914723
4.180689
2.234494
-1.236285
0.541926
2.518371
-0.504818
-3.706947
0.008087
0.490081
-0.170455
-1.835737
0.543485
2.955988
4.544154
0.295006
1.102905
0.886533
-4.100048
3.131650
-0.883511
-0.435533
0.360954
0.568484
0.865644
-0.431948
-1.395988
0.145027
0.276139
-3.521717
3.404117
3.037777
0.531216
0.701759
0.967979
4.395882
1.024744
1.736351
0.150867
1.530371
-1.477097
-1.284520
-0.066493
-2.013257
-1.271149
0.359889
1.245517
-0.711620
0.901983
-0.135533
-0.020080
1.019063
1.469089
1.051125
-3.320169
-0.630690
1.375823
1.335470
1.718071
1.689761
-1.089970
-0.711725
0.590892
-2.024593
0.353005
-2.548878
2.137673
-0.138022
6.462359
1.532216
2.264413
-1.624815
1.265395
-0.535966
-0.030759
1.191468
-0.146597
1.554729
-2.151216
0.988651
0.308555
1.063133
3.063029
-1.117076
0.876509
-1.875291
3.722516
-1.603358
3.454255
-5.508378
1.771556
1.243625
1.926767
0.238631
0.680514
3.306411
3.271094
-0.665613
0.735585
1.945306
3.294169
-0.447049
2.248227
-0.982851
-0.856140
1.115005
-2.222637
0.963734
1.635040
2.981109
-1.075008
-0.975833
1.976470
3.732802
-0.738679
2.490973
-0.181867
3.176635
0.034823
-2.534242
2.402373
1.666981
-0.660019
0.912084
3.626697
2.313203
1.203602
-1.603552
-4.239271
0.127750
1.807131
1.839352
0.059780
0.361376
0.910382
1.780426
3.044966
0.267893
-1.921321
-1.155208
1.413947
2.693914
1.757819
1.285169
-2.453900
-0.282578
-3.132862
0.971492
-0.609824
-0.127159
-0.850410
0.859438
-1.892033
-0.094775
-0.322224
-0.057752
-1.394786
-0.133302
-3.323037
-0.843530
-1.696535
-0.845763
2.980471
-3.470804
0.578367
-0.574409
0.690632
0.263282
2.117707
-0.059204
1.893809
0.385562
1.584553
-0.294477
0.962259
-2.887501
-1.848672
-0.412678
1.256237
-3.942134
-1.998236
0.524951
2.509192
-0.249307
0.176968
-1.685144
-0.351481
-1.064419
0.723434
3.847298
-0.970453
2.120068
0.716490
-0.825024
0.748288
3.910204
-2.386693
-1.335234
-0.119412
-1.382104
-1.490026
-3.073411
5.079695
-5.174812
1.288668
-1.493682
-0.283875
-1.558743
-0.453507
-0.071036
2.112540
-1.535142
-2.212004
8.016734
0.746059
1.269596
-1.432593
0.689797
-1.939413
-1.058270
1.503031
1.643946
0.535762
-1.896303
-1.770152
0.022383
2.236154
2.932044
-1.006603
-1.225987
-2.131900
-0.479803
2.831970
2.363945
0.692987
1.847955
2.935639
1.942767
-3.239951
-0.508085
0.468104
-2.466375
0.257184
-1.119547
-3.852740
1.104626
3.047824
-1.940284
0.512765
-2.079367
3.348742
-1.847572
0.235493
0.847720
-2.518535
-0.481601
-0.739759
-0.146575
-0.738440
1.603015
0.218343
2.254289
0.549107
-0.670164
-0.447826
3.282307
1.732753
1.132054
1.786141
2.804662
0.419291
2.795285
1.455043
-1.195525
1.216450
-0.236805
0.528505
-1.279909
0.793475
-1.717658
-2.597893
-1.502969
2.771955
1.299710
2.961472
-4.719440
-2.417985
1.930867
-0.627492
2.289293
-0.039197
-3.005511
-1.990734
1.002833
-1.501249
0.689192
-0.091926
-1.028361
-2.409155
-2.460350
-1.538782
0.592860
-0.956969
-4.956601
-1.478949
0.494715
-0.749369
1.359348
-0.033420
2.917709
1.250907
1.084189
1.776669
2.026224
2.313093
0.189986
-2.046097
-1.289066
-0.841114
-1.194104
0.370697
-0.322577
-1.180333
0.864536
1.855994
-3.383830
-1.327083
1.932667
0.995060
0.648515
-3.705063
-4.587751
-0.601269
-0.023983
-0.396450
-1.552610
0.518756
-0.565545
0.609451
0.653935
2.858968
-0.731325
2.286389
-1.453498
-0.826215
-0.330317
-2.270214
0.739935
0.818456
-1.088293
0.696466
-3.663910
-2.852030
3.919858
1.706303
1.132178
0.262270
-0.546160
-0.305771
0.821655
-0.096379
-2.370566
0.192221
-1.226591
-3.120184
-1.006796
1.917310
4.562801
1.029558
0.610422
0.102742
1.984322
1.038263
1.338140
-1.861970
-0.706871
-0.161409
0.016388
-2.362593
-1.903492
-0.796427
-3.392921
0.577733
-0.264668
-0.524795
-0.991511
5.112602
1.191039
0.125412
-1.025707
-1.209891
0.157438
0.780261
-2.138243
2.522902
-0.133962
1.445713
-0.196697
2.276470
0.509974
-1.140754
-2.451905
2.323284
-0.952048
2.938527
1.502706
-1.325436
-3.329568
-1.992758
5.838157
2.008213
3.147829
3.869470
-1.491426
0.870940
-3.059612
-1.038024
0.597881
0.285947
3.059547
1.692529
6.349472
1.856432
2.203115
-1.614000
-0.117706
-0.115300
-0.956668
2.944220
-2.731079
-3.105643
0.371990
1.200199
1.728631
3.503576
-0.767941
1.442515
2.180106
0.335298
3.200756
2.311555
2.538958
-2.824301
-1.278464
0.634697
2.891879
2.715244
-1.747553
-0.898034
0.182403
-2.594610
4.161756
-0.117569
4.313353
2.252638
-0.747415
3.137250
-1.847104
0.632975
2.737172
-1.199309
0.719757
-2.741281
2.423120
0.749835
0.878797
0.919084
-2.472412
3.709899
2.482708
2.963340
-2.281163
-1.762413
-3.051276
-2.372061
1.652649
-0.895988
4.183052
-3.771309
3.057367
2.412704
2.768317
-0.212737
2.055731
-1.174089
-3.873695
-1.511452
1.476372
-3.371376
-1.647761
0.576959
0.833583
-0.360886
1.551756
1.308477
-0.507466
2.939365
1.436208
0.854658
-0.003907
0.743994
-1.894998
-2.441816
-2.504248
3.310754
3.663489
0.747905
-1.321552
0.650558
1.046512
0.091853
1.261131
0.185531
-1.963360
2.554595
-1.169454
0.313587
-0.018078
-2.212194
-1.145013
3.224479
1.888768
0.562014
-1.794330
0.448908
3.196980
-0.344874
-3.418793
-0.054875
-3.921571
-3.186436
0.706971
-1.084993
-0.955750
1.089650
-2.217159
-3.680742
2.459458
1.419408
-1.989635
-0.534686
0.706109
-0.776133
-1.880374
-0.194599
-0.001724
-2.929753
-2.600056
1.893927
-2.887818
-0.395618
0.231558
0.568505
-1.997267
-0.872353
-0.465272
-2.561614
1.725580
1.412747
1.122804
0.249354
2.436278
0.824156
1.695331
-0.444961
0.435735
0.069901
-2.265829
0.119229
-0.587936
0.660841
-3.093014
-0.879128
-0.438694
-0.694004
-0.043343
-0.688061
-0.707071
-1.655945
1.286072
-0.954757
1.657111
-0.493428
1.529055
-0.046557
1.515500
0.202366
0.199838
-2.234338
-0.247545
2.619048
4.311372
2.273290
-1.540832
-3.617694
0.373879
1.224942
-0.656792
1.192399
0.258673
1.208150
-1.419135
1.824396
1.574055
-1.806020
-0.206815
-2.406174
-0.262977
-2.835193
-3.528932
-6.234727
0.250713
1.904086
-4.341866
-0.073220
-2.737248
2.605794
0.840300
-0.792952
-0.610504
-0.895704
-0.563376
0.979419
1.414691
-2.054815
-1.282914
-3.826909
0.962850
0.259949
-3.391371
-2.068737
-2.967276
2.672404
2.160269
-0.226122
2.510431
-2.089985
-1.036034
1.474235
0.673174
0.205211
3.328530
-1.028793
-0.007754
1.940598
1.347733
0.929024
-0.907331
0.631220
-1.042252
0.779796
1.971895
-0.614378
1.829463
1.345786
0.025767
3.121826
1.118016
1.937906
4.180133
0.141161
0.650836
1.773587
-1.010134
-3.429683
-4.115752
-0.362843
-2.385389
0.046229
-1.636587
-1.141546
-0.821054
1.157997
-0.485521
-1.295558
-1.492333
-3.029123
0.608398
0.136987
-3.009741
-2.387880
0.108191
-2.870932
0.906437
-4.085745
-0.395955
-2.284235
2.635430
1.805653
3.103905
-2.343869
-1.044982
-2.934490
-1.859015
1.065560
0.330625
3.184014
-0.200000
0.437479
-2.258757
2.517479
-3.017211
-1.403837
-0.570617
-1.698026
0.829003
-3.452554
-1.643992
3.980079
-0.417936
1.170715
3.222317
-0.087118
-2.461487
3.121526
-1.536707
-0.518295
-1.269042
2.732442
-3.697992
1.238674
2.634947
2.153329
-2.612573
-0.541509
-2.159164
-1.378575
-1.513814
1.910473
-2.734537
-0.270514
0.476726
-0.571869
0.656794
-0.965086
-2.180137
0.359517
0.024924
1.741641
-2.827618
-2.324409
-0.178174
1.409567
-1.272399
-0.396685
0.528299
1.016861
-1.504248
2.076868
-2.755036
-1.793084
0.108932
-1.771944
2.099577
0.876332
1.678937
2.287059
1.677564
1.385832
0.296067
0.787457
0.063466
-3.772431
-0.914713
2.559065
3.211062
1.550229
1.873353
1.089716
-2.207040
-0.015039
1.736764
1.746659
-3.359582
-0.555516
-2.541048
0.803986
-1.357695
-2.036847
-1.814621
-1.595016
2.266043
1.534863
2.284461
1.530744
0.316338
0.098402
-2.711055
-1.722179
-0.698758
1.045104
-0.480416
-0.910391
4.328160
-0.296449
-0.283288
-0.343166
2.629423
-1.514322
-0.923952
0.329489
-0.687907
-0.972391
0.067752
0.941907
-0.719138
0.100650
2.594607
2.616444
-0.017369
-0.925951
2.190447
0.207462
-3.347101
-2.836993
-1.422105
3.703017
-1.183621
2.371269
0.345683
0.012505
1.107654
1.589140
1.008191
-0.177402
-1.989724
-1.459439
-2.035008
-2.395437
-0.736632
0.780322
2.787476
-0.771199
-0.392232
-0.962038
-2.327669
-0.645016
2.330632
0.049742
0.923066
0.591816
-1.558511
0.723849
1.279212
-3.098580
0.660544
1.972413
-1.655102
1.906490
0.689710
1.677788
1.431798
0.327001
-5.735704
1.326934
-1.690867
1.111431
-1.164183
-0.883058
0.651366
-0.711139
-2.529310
-2.269733
1.481376
-1.587094
1.631329
2.329436
1.718913
0.151016
-1.602312
4.393111
3.261799
2.915704
3.106841
0.857579
-3.075832
-3.552430
-1.078289
-2.628958
0.025049
-0.081401
-0.750985
1.101544
0.535011
-1.410417
-2.586044
-1.732327
0.896845
-1.457412
0.280826
2.352192
-3.439572
1.641797
0.075323
-1.682516
-0.768751
-3.933782
-0.568270
-1.553154
1.869152
3.947253
0.427695
2.433629
1.165707
-1.649010
1.673708
1.383438
1.405840
-0.638290
-0.243364
-3.577378
0.939266
-3.580826
0.450945
-0.958224
0.613263
-2.727230
0.650768
-1.245287
1.305541
-0.451562
0.876186
1.624011
2.775246
-1.142857
-1.819118
0.739346
1.470229
-1.772151
-0.029802
3.299954
-3.207712
2.613977
2.885563
2.718786
4.571026
0.111205
-2.160765
-3.576333
-2.614851
0.628287
4.572319
-1.203308
-0.625287
1.894927
-1.571515
1.267348
0.566763
0.697212
1.289676
3.381008
-0.621538
-2.678266
-1.699961
3.409248
0.635554
3.459791
0.192991
1.521017
1.971668
-0.373373
-2.641990
-0.726296
1.590742
0.010642
-3.102723
-0.970384
0.017187
-3.342060
-0.162430
-1.916663
-2.006628
-1.001455
0.543178
-3.171948
3.736841
-1.352840
2.081329
0.565527
-0.031120
-0.149399
0.351780
-1.219218
4.706850
-0.209337
-2.073562
-2.791054
0.304910
0.264465
3.934899
0.762120
4.155105
-1.129257
-0.465128
1.039601
-0.330639
-1.180275
2.525808
-3.611102
0.798688
2.884480
-2.624773
-1.400378
-2.657845
-3.269796
-1.560436
-0.022299
-2.664157
0.273821
3.610730
3.766893
-0.000434
0.623823
3.379754
1.236397
2.957322
-3.263094
2.282869
-0.008484
2.500765
3.039426
0.957164
0.374274
1.367774
-3.576262
2.054167
2.526063
0.364415
-2.757905
1.727116
0.150548
1.759009
1.658093
-0.959234
-0.670360
2.092185
2.592458
-0.258983
1.288907
1.387032
-0.441485
0.203451
-1.164855
3.554695
-0.033312
-0.035268
-1.898422
0.459197
-1.849971
0.083372
-0.200858
-2.634712
3.066958
1.389952
4.128534
-0.527566
1.072861
-2.922485
-1.865880
-0.989081
0.677935
2.798191
0.574443
2.781780
2.241317
-2.125222
-2.736457
-0.500142
-2.076295
-1.305563
0.182331
-0.645128
0.673719
0.609556
-1.942133
1.327494
-1.617069
0.794930
-1.613388
-2.526519
-1.422566
0.222913
-0.665388
-1.123597
-2.083903
-0.041094
2.209411
3.232913
4.323637
-2.579887
-2.571325
1.240593
0.629551
2.766451
-1.297475
-1.487850
-2.009854
1.413241
-2.270180
-1.955679
-2.940420
-1.584476
-0.744202
-1.155118
2.908518
0.099255
2.501310
-0.727746
3.572171
2.535107
1.369776
-1.701596
-0.220567
0.135546
-0.082649
1.026165
1.155192
-0.662417
-2.529808
-0.508950
1.532480
2.688958
1.036770
-1.153897
0.365885
1.557490
0.418271
-0.314764
3.016760
0.501767
0.221291
0.649088
0.938109
1.526024
-2.443012
1.428013
0.881338
-0.000666
-1.276539
-2.732709
-2.474170
2.413314
3.315559
-0.313280
-1.528278
-3.026763
-1.316541
-0.077843
0.750455
-1.341589
0.958590
-0.323378
-1.504292
-0.941040
0.219641
2.409411
1.585571
-3.345691
0.594407
0.440033
1.361708
3.257896
2.106387
-1.087909
-2.887920
1.207459
1.371524
3.227756
1.162809
-0.398658
0.872851
-0.767926
3.177028
1.822464
0.870234
0.469118
2.779610
1.176535
-1.009823
2.350318
3.308478
0.608799
0.746357
-0.523931
0.940654
-0.153309
0.249703
0.789559
0.224982
-0.553772
-2.589261
-0.555344
2.244773
-1.575711
2.407201
-2.864378
0.617143
-0.087202
-1.201936
2.188592
-2.348729
2.615271
-0.335315
-0.974366
2.436045
1.308612
0.465952
1.964590
3.205674
-0.318929
0.264490
0.439725
-0.390838
2.209133
0.665125
3.757301
-2.196149
-1.397708
0.809435
-1.459915
-2.508350
-0.086444
-1.665424
0.593477
-0.632939
-2.139890
1.691963
2.859376
0.623208
-1.492534
-0.324045
1.014183
-0.409300
-1.762237
-2.553369
-0.730268
1.103378
-2.668692
0.735302
1.284837
1.199291
-1.451092
1.792771
1.644140
0.395819
-2.328131
-2.750695
1.420497
0.536084
-1.840839
-1.632381
-0.254425
-1.400583
0.984000
1.310909
3.503259
0.278868
-1.334402
-0.183413
-1.368843
4.164962
4.137304
-1.240404
-2.850008
-1.666230
-1.363787
0.859450
-0.587805
-1.917953
2.537453
-1.334435
0.066033
-2.453663
-0.967865
1.060290
0.640755
3.239072
4.360508
2.225794
0.246726
-1.624744
-2.099597
-0.252884
1.399687
0.767809
-0.186986
1.557674
2.075858
1.363717
-0.099041
-0.290191
3.157545
1.939754
0.006486
-3.459878
-0.055180
-3.722061
2.158055
1.189155
-0.339653
4.647700
-1.603494
0.486878
0.147910
0.993617
-2.065901
-1.707992
-0.476509
-0.573083
2.434858
-3.207671
-1.466566
0.331069
0.001348
0.746377
0.399232
1.610197
1.385062
0.814621
-0.246317
-2.691882
0.492856
-3.574840
2.234434
3.496799
-0.684984
-1.808790
-0.857300
1.760630
0.098940
-2.751655
-2.789488
-2.626221
3.745743
0.039780
3.268224
1.060771
1.354164
-0.818945
0.259515
2.600270
-0.241927
1.231857
3.999404
-0.558942
-3.022384
-0.222633
0.023025
1.429895
-2.232208
-3.034940
2.049812
1.332138
0.677438
2.025457
0.335277
-3.844435
-2.256787
-1.554326
0.582350
0.390523
0.366168
-0.083364
3.051085
-0.171537
-2.292856
-1.430441
-0.874133
1.369208
1.348737
-0.144887
0.914690
-0.020139
-2.175281
3.990826
2.858448
-0.362235
1.586890
-0.110439
0.049281
0.269348
-0.035357
-1.157605
-1.760720
-1.048956
-2.452334
-1.893317
-0.852990
1.277275
0.291440
2.320655
1.039198
-1.231893
-0.599418
3.472231
0.286259
2.230064
0.195311
2.376812
4.186685
-1.673636
2.120272
0.676944
-1.500659
2.594271
-1.920166
1.237812
2.070994
-0.525490
0.427698
0.064935
0.509312
1.288233
1.368596
0.375243
-3.958921
-0.922531
-0.383084
0.482754
0.660367
-0.616868
0.941434
1.698171
0.540083
1.874225
-4.001565
1.291585
-2.659786
1.165811
-0.668400
-0.808537
1.588566
-0.052469
1.598240
-1.721584
-4.016624
-1.327122
-1.375858
2.489314
1.924908
-0.068546
0.953678
-0.458311
-3.402659
-0.161759
-3.696665
-2.321030
-0.341031
2.292305
-0.278066
2.198480
-2.054078
1.736381
1.359744
-0.782318
0.293724
-4.470361
-1.320352
2.849863
1.115995
-0.250957
2.968174
1.759157
0.825716
-3.626664
-0.513996
-0.181760
4.606759
0.619448
-0.541500
3.243209
1.649868
2.723278
-0.796438
1.115338
-2.528282
-3.710911
1.512221
2.418878
-1.108198
0.635461
2.341290
-0.615651
-3.718003
2.859297
-4.586070
-1.262005
-0.448269
-1.883427
1.861424
0.486977
-2.263417
-1.989003
-0.874539
1.340380
0.381824
-1.023197
2.953955
-3.928916
-1.217110
-1.805768
-1.440087
-0.162258
1.033904
-1.970865
2.799475
-1.962950
-3.450395
-6.497117
-1.742040
-2.830064
-0.792114
0.504819
-2.034148
1.708601
0.007635
-1.949991
-1.265060
-0.736021
-1.409218
-3.326313
-2.998957
-0.640691
0.873220
0.885979
0.657773
-1.871616
1.675767
1.500893
-2.720726
4.355014
-0.688432
-2.260168
-0.639093
-0.413484
-0.704999
1.643330
-0.064468
-2.448660
2.384144
0.571815
-1.772937
2.841308
3.132248
-0.251821
2.270219
1.241662
0.939803
1.716005
0.639468
1.693005
4.249460
0.378795
1.654620
-2.341660
1.961253
-2.230654
-2.265524
0.044118
-1.846528
2.755602
1.771145
-2.593679
2.372244
-3.075218
1.883932
-0.297862
-0.670594
0.975074
1.888443
1.859122
2.269995
-1.598526
1.550667
2.831681
-0.635918
-2.887733
-0.190178
-0.453953
4.115704
-0.399843
0.759190
2.364021
3.399474
2.807383
-0.036169
1.013488
-1.599308
1.592597
1.908718
-0.050342
1.437737
-1.536359
-1.886685
-3.263981
-0.874080
-3.301496
-4.062784
-1.001611
-2.038872
-3.357279
3.556379
0.324281
-2.231402
1.322988
-0.650363
-0.041773
0.479886
1.873369
-0.222995
-2.653723
-5.016741
0.542815
-0.930265
-1.250741
-1.234995
3.255763
1.820120
1.507296
-3.019426
0.309643
3.388169
4.218955
-0.375451
0.813364
-0.965345
-2.181040
-1.253998
1.705021
1.451342
-2.072901
0.856839
0.875346
0.286933
3.633192
1.640988
0.898149
3.709285
1.191816
-0.171080
0.637899
-4.930953
1.542674
0.331492
-0.048982
-2.457344
-0.438516
-0.023098
0.701531
0.450964
-0.213781
2.052509
0.850625
-1.217260
-2.180986
3.633105
1.246474
1.706030
-4.822151
2.567944
2.170479
-3.542970
-0.607814
0.526281
-0.486202
0.159184
0.604865
-4.725591
1.096602
-0.024177
3.842798
-2.978095
2.723061
-0.271912
-2.241707
-0.698571
-0.051564
-2.644340
-1.756178
2.208852
1.088064
1.586473
0.289153
2.345705
-0.006119
2.630455
-1.201025
-2.079291
2.078681
1.376725
1.845304
1.477440
4.041466
-0.526681
-1.929021
-2.059846
-1.209995
-3.080780
-1.081836
-0.337277
1.108341
0.784190
-1.098731
-0.330569
-2.813934
0.123192
2.872319
-1.594209
4.257492
-1.780465
0.001427
1.619956
-2.254676
0.552806
-4.393725
0.581257
-0.855167
4.488967
-1.461499
-2.381083
-1.775402
-3.774128
1.184828
0.107709
0.454773
-2.363781
-0.882984
-0.302755
-0.268386
2.440987
-0.844953
-0.031360
3.553937
1.713275
-0.310475
0.144167
-0.353009
2.518785
0.549145
-0.911151
-1.541558
0.981596
0.505774
2.014709
2.916145
0.314483
0.701808
-2.395159
0.473446
-0.474946
1.287705
4.291560
-0.323664
-5.277081
2.036919
2.715016
1.755698
2.130248
-5.444336
-2.540807
2.298912
1.558449
1.353497
-3.007609
1.211945
-0.402857
1.889777
3.347416
0.168270
-1.774218
-3.797464
-2.155077
-1.836200
-1.017678
-1.797315
-4.936342
-1.637478
-2.467340
0.422787
-0.193228
-0.202001
0.098141
0.869948
-0.827026
2.798469
0.551536
0.181251
-0.446113
0.205387
-0.398174
0.772483
-0.469159
-1.969382
4.098102
3.368192
2.167561
1.330550
-0.986045
-0.856761
3.271127
-0.728303
3.022739
-1.495588
-1.601761
-0.535585
1.060072
-1.369228
1.696233
-3.956849
-0.156135
-0.405098
-3.347406
1.291916
1.463120
0.402934
-0.548838
3.940539
0.872003
0.127831
-2.290800
0.515391
2.642494
0.774458
1.113216
0.385459
2.770402
-4.100117
-0.759108
-0.643691
-2.355537
2.118575
3.552796
3.043410
-1.036209
-0.384237
-0.294426
-0.379481
0.712085
-2.034976
1.385687
2.883864
-3.407130
-1.854570
-0.755375
0.910347
4.352876
2.407025
-1.318843
-2.331450
0.152242
0.263636
1.126269
-0.848414
-1.228413
-3.382166
-2.470790
-1.838796
0.972893
-3.480103
1.374518
0.881854
1.479996
0.555471
4.264065
2.418961
-4.093045
2.680150
0.479685
0.475043
-1.331672
0.976233
-4.108234
1.705927
1.172388
-0.170836
0.742043
3.909090
0.956849
0.194270
-0.196090
4.449511
-0.943058
0.064335
-2.010195
-0.201191
0.129700
1.172465
1.690990
1.406140
-0.677149
0.456503
-1.537157
-1.244481
-0.734935
-1.892196
-2.787869
1.381038
-4.131429
-3.166455
-4.293843
0.363595
-0.086867
-2.697752
-3.101086
0.835875
3.187594
0.406305
-1.075567
0.562568
2.570178
-1.247297
-1.307299
-0.067494
-4.392161
2.189196
-0.003364
-1.210398
-1.098323
1.477041
0.895735
-0.112106
0.894931
-3.670806
-1.107355
1.436236
-1.553420
-2.763080
-0.448592
3.272706
-4.454121
4.807868
-0.701657
-0.950120
1.284940
1.497623
1.418236
-2.322864
-2.288243
-0.055424
-0.131082
1.837277
3.225385
0.928266
-0.270810
-1.856252
1.567640
1.339409
-0.446182
-2.450961
-3.649578
-1.030746
0.392572
1.630484
0.810389
0.736255
0.946610
2.501268
0.944900
-0.978524
-1.996122
1.057875
2.081924
0.602412
-2.523677
-1.227353
-3.346941
-0.002802
1.724711
-1.901696
3.410449
1.805737
2.973474
1.085990
-1.768439
0.405620
-0.170887
-0.305600
2.816927
-1.911187
1.363285
-0.343613
2.132499
4.310413
-3.466752
-0.084565
1.468320
0.986011
-0.393507
-3.873385
0.483636
0.687070
1.361779
-3.032650
1.012501
4.527645
5.122848
-2.629629
-0.771107
1.967511
3.863929
0.161721
-3.609019
1.180844
-4.839469
1.317266
-1.704753
-0.646532
1.653604
1.854513
2.986608
3.317492
-2.703365
1.692040
1.695793
2.229733
-0.738790
-0.723520
-1.233516
1.247825
-4.003718
-1.137545
-2.278926
-3.583771
-0.568343
0.773943
1.666790
-0.455207
-2.195821
-1.228944
1.086968
1.199486
-1.707147
2.834709
3.523690
0.209503
-1.556076
-1.105126
2.759324
0.635476
-3.249379
0.077325
1.325388
1.733189
0.189475
2.012220
1.237791
0.271311
0.658748
3.513505
4.533874
-2.840943
1.819369
1.313229
-0.249730
0.206409
2.881339
-5.588299
-0.667118
0.613753
0.972145
1.407901
3.955135
5.146722
1.621487
0.127540
-0.561532
1.180890
-1.704253
-0.236280
7.717741
1.298240
-4.270703
1.719617
4.978724
-0.281525
-0.472590
2.209893
-3.014129
-0.238014
1.318746
2.528372
3.428247
-1.371603
-2.305820
-0.401898
-0.760490
-1.126772
0.775286
1.126976
3.396161
1.271753
1.843861
-3.614833
1.543733
-1.017428
-0.087196
1.028453
0.756997
-1.660068
-1.206273
-1.046832
-0.318150
-2.722862
0.902881
-1.613735
1.103105
1.301619
2.601878
1.836799
-0.601419
2.361405
0.878326
3.820667
1.855797
1.750478
-2.836367
2.497016
-1.473120
1.020923
0.167995
1.460817
-2.801252
-3.333349
-0.500002
-1.533047
3.261709
2.817676
-0.828416
4.180338
-0.838829
-0.798829
0.164123
1.181822
-1.362337
7.641395
0.190647
0.864867
3.083741
-0.247137
0.472765
3.893785
-3.122574
0.055903
0.737707
2.103585
1.185827
1.546555
-2.335937
1.234602
0.627562
-0.816054
0.602173
2.075246
1.412532
-1.945370
-0.361169
-2.527106
-3.295909
1.822616
0.122725
-2.062905
1.222888
2.301824
1.952210
3.350883
0.584130
-2.197375
1.238786
-2.452083
0.760941
3.500703
-1.331654
1.985412
0.305811
-4.565651
0.003821
0.235617
3.219327
-0.940327
3.514353
0.949900
0.299163
-0.254338
2.751329
3.201543
-1.285257
3.921717
-0.154991
-0.454691
0.713727
3.949188
1.198505
-1.536106
-0.947305
0.531665
-1.763236
-3.329266
1.383561
2.222070
-4.263847
-0.317723
1.326457
-2.942246
0.290149
-1.557432
0.076754
-1.695569
0.117929
1.160513
0.143363
-3.287357
-0.248081
0.723004
3.260840
-2.944740
1.533599
-1.147718
0.818289
-0.593522
3.061803
-1.101721
2.069207
-1.429278
-4.038979
2.662409
-1.994518
-1.705037
1.451883
0.745557
1.440228
-0.717510
0.498574
-4.182876
1.682063
1.597151
-4.292994
-3.917889
1.465084
-1.026957
0.525738
-1.536072
-0.442947
0.898053
0.908295
4.911035
0.138891
-1.218373
1.481206
-0.751228
-1.029032
1.581572
-0.482281
-0.158035
0.510984
0.998356
0.777773
2.286957
0.380654
-0.018089
-0.072679
1.027336
-2.363417
-2.411594
-1.638965
3.344761
0.410711
0.732266
-0.108394
3.464008
2.312184
1.072024
-1.887017
0.742931
2.473027
1.053931
-2.462702
0.413648
-4.831957
-0.914542
-2.992766
1.564713
-0.264132
1.893398
-0.222886
1.466845
-3.123566
-0.578741
0.384656
2.423421
0.047713
-2.564617
0.937461
1.774786
-1.131409
-1.464551
-3.178813
-0.568103
1.355731
-0.447490
-0.023425
-2.711485
0.570392
-0.140486
0.073967
1.294589
2.511920
0.391904
-3.880556
-2.560531
0.713412
-2.881238
0.569421
-3.553708
-1.749422
-0.687280
0.754414
0.080021
-3.627890
0.906502
-0.426147
2.886078
-3.269784
-1.377620
-4.288781
-0.089335
-0.922904
-0.706249
2.268681
-0.755869
-1.624157
-0.330791
-0.539009
0.336972
2.392250
0.483385
3.099289
-4.595365
-1.454633
-1.180575
-0.271124
-0.784571
-0.851249
-1.306202
-1.407362
-3.001533
1.240900
-1.317966
-0.740559
1.784915
-2.935335
-5.151435
2.158690
0.938419
-2.370350
0.512709
-2.230351
-1.078584
-2.223247
0.739042
0.338879
1.946868
-2.883161
-0.004118
-0.152240
0.557186
-1.246653
-0.065918
-2.594434
1.566030
4.065668
-3.415998
-0.880050
1.585006
-3.373343
4.089820
-1.085202
3.187830
3.440005
2.470947
-0.413161
2.745069
3.960620
-3.511885
-2.442283
-2.684488
-1.819440
-0.349774
-3.346433
1.697639
-3.359525
3.793079
-0.755890
0.371377
-3.582341
-2.448399
-2.564397
-1.514015
-2.096869
0.962962
-0.965654
-1.244107
-1.578821
0.214750
-1.959828
-0.179091
0.933845
2.337499
-2.423575
-3.264252
-0.810255
4.886288
-2.171855
-1.596781
-0.680787
1.208099
0.208867
-1.223706
-1.711047
0.170742
0.982403
-3.856985
-2.301290
-1.387683
-1.023941
-0.818120
-0.225288
0.896594
-0.531736
-1.274913
-1.716076
-0.184321
0.577596
-1.209761
0.059705
3.594014
0.512157
1.294630
1.031146
-0.774431
1.380005
2.580456
2.372615
0.397919
-0.899147
1.174578
-3.712280
1.454157
-1.410456
-2.400836
-0.195666
-0.407214
-2.249189
2.635006
0.927956
-2.156694
-2.294365
-3.484218
1.662221
-2.551840
-0.749847
3.416443
-1.078854
-1.232300
0.528084
-2.799293
2.863465
-0.894538
2.581197
1.642666
3.099398
-3.035541
-3.074635
-0.693207
-0.304033
-0.484380
0.314261
1.920477
-1.818814
-1.934475
0.578946
-0.965392
-1.704359
3.259693
1.600806
0.491243
0.191332
1.761963
-0.086549
-1.353195
-1.095092
-0.592475
-1.073889
-1.462489
0.702116
-0.130538
-0.536044
-0.957577
2.673368
0.408523
-5.510741
1.218301
1.476131
-5.820311
-0.770200
0.092690
1.293652
0.071317
-0.959688
0.007408
-1.153772
-0.835029
-3.262488
-0.049844
1.588345
-5.147896
-1.126686
1.599478
-1.468679
1.399018
-4.188936
-1.870010
1.586072
-0.627017
-1.231290
-0.398365
-1.402621
2.715303
-0.394619
-2.018399
2.692411
-1.058150
0.187623
-1.563695
-1.173050
-0.309342
1.068696
0.955410
1.215082
-0.624350
1.351133
1.525962
-0.353406
0.727411
5.190814
0.750351
-0.480091
1.274836
-2.365543
2.039916
-0.233001
-0.283156
1.486412
-0.832120
1.677550
-0.585848
-1.644280
2.113429
-1.402209
-0.103801
-2.641571
-2.000397
-0.833407
1.144135
-0.065586
-1.565933
1.393776
1.489078
-0.852933
-0.294224
-3.902057
-0.342390
3.637331
-1.941205
-2.076782
-0.381674
-4.059186
-0.619489
-1.604320
-0.834814
0.781464
-1.085335
-2.417406
-0.876480
-0.980917
0.998340
-4.119371
-0.317350
-0.836063
1.359130
-0.625988
1.867574
0.034376
-0.359841
-2.604424
-3.263811
-1.266000
1.453233
4.261257
1.287510
-1.009672
-0.067122
-3.002578
-0.698816
0.147838
1.018533
-0.862218
-0.862580
-4.600341
-2.410077
-2.397380
0.990869
1.167214
3.124654
3.027140
0.017464
-0.311174
-0.417529
-2.976248
0.073906
2.329469
-2.333800
2.164351
-5.360006
2.066861
-1.218054
-1.051106
-0.407296
-1.509910
2.760157
2.604593
1.886940
1.236352
1.691088
1.208177
2.732532
-2.192814
-0.908012
-2.622814
-1.688225
1.655798
1.855320
-1.293815
-2.264774
-3.208598
-2.822417
1.912771
-0.280225
0.719596
-1.423335
-2.505176
-1.411387
0.371523
0.715762
-1.472287
-0.952624
2.159574
1.065332
1.524022
1.179697
1.289148
0.177697
1.247987
1.415360
1.366609
-2.163301
2.073583
-1.772934
-3.208715
2.170040
-0.485990
-2.192241
1.547093
0.608255
1.601507
3.580996
-4.696750
2.632894
-1.854097
-1.394200
0.118334
1.785998
-1.085771
-2.638805
-0.461924
0.147009
2.103946
-2.426029
0.973497
-1.209411
0.320647
2.712546
-2.935087
0.009968
-3.204051
-2.662170
-1.141699
0.787174
-1.328481
-1.035655
-3.379251
-1.909460
-1.722640
0.192269
1.353701
-1.169310
1.005490
2.739688
0.052251
-1.335828
0.728767
-1.562663
-1.885652
-0.745243
-0.012551
0.025777
-1.723530
1.581879
-0.806999
0.080259
-1.124279
1.439876
3.333868
-3.634644
3.717977
5.500306
3.621016
-0.178503
-1.639289
-3.941762
2.103879
-1.243274
-1.717284
-1.295592
-0.262257
-1.622340
1.121893
1.077653
-1.352567
0.125371
-1.284971
0.995548
2.477888
2.245150
-1.015105
2.202752
-0.357317
0.152425
1.793997
-1.454198
1.570948
5.609694
-2.983976
-0.818176
0.960910
1.755943
1.533704
1.536476
-0.048393
-5.014989
-0.740183
-0.676660
1.113147
-0.657755
-6.293201
-2.644580
0.918877
2.762911
0.251015
2.709179
2.571108
1.033401
-0.893304
-0.666072
0.899825
0.655897
-1.209344
-2.384225
-1.810840
-3.828438
0.258308
-0.206757
-1.999567
1.862412
2.033815
0.289086
0.346336
2.308325
2.007972
-0.918424
0.075305
2.811192
-2.364388
2.780054
-4.783907
1.940394
-1.617659
1.740885
-0.003949
-0.467783
3.253223
0.561593
-0.842445
-1.076705
-1.364458
1.843082
-0.902850
-0.221896
1.389310
-0.556713
-1.140981
1.355996
0.537716
3.775618
3.434619
-1.921820
4.511389
1.171124
-1.057279
-3.867291
-0.348077
-2.578844
1.005811
-0.578778
2.842787
5.151067
-1.126915
-1.182189
0.220491
-2.556617
-0.632521
-0.767699
-1.003024
-3.582913
-2.439113
0.014641
-3.307626
-1.335184
1.895472
3.101408
0.256786
-0.930684
2.167735
0.260093
3.170029
-3.537663
1.671402
-0.876312
2.441957
-4.927941
2.613926
-2.017083
-2.286173
0.408275
0.964117
-1.120420
-0.624033
0.281806
-0.315470
1.473703
1.538774
-1.167492
-1.049951
0.530098
0.829905
2.173775
0.921975
1.523110
-1.935760
4.726909
1.608242
2.121695
-1.891835
-3.136924
0.236857
2.871196
0.960726
-3.139265
2.688620
0.751225
0.004563
-0.477491
0.355592
0.980736
1.544116
0.045230
-1.318175
-2.713468
-0.741932
-0.432183
5.039011
-0.853100
-0.995262
1.671107
1.934943
-0.233103
0.694646
-3.115017
5.848484
-1.353089
-0.570889
-0.054918
0.541319
3.161424
1.940933
-3.542284
-0.705264
1.357645
-0.599268
-0.415085
2.761576
-4.403457
0.082249
0.293805
-1.819779
0.489510
-1.807143
0.512927
1.894644
1.012373
0.214060
2.462551
-2.377177
-1.273532
-0.133572
-0.374310
1.760406
-0.745884
3.015342
-3.633088
-1.233037
0.389599
-0.301706
-1.259226
-1.262869
0.835224
-0.957868
1.597940
-3.242996
0.884072
-2.789991
1.061718
-2.718176
-2.720497
-2.128439
-0.419413
2.398639
4.753867
0.382550
-1.250652
-1.487902
3.523074
1.418150
-0.597641
-2.386380
-1.323003
-0.424173
2.319149
-1.511915
-0.333724
0.257201
2.177834
-1.450394
0.104095
-1.758331
-0.556528
-3.909087
-1.299356
-2.272771
-0.110465
-0.214438
-0.848800
-0.245217
-0.078389
-0.754708
4.042308
-2.478078
0.884455
2.882302
-3.216137
-0.303625
-0.512564
2.225137
0.681146
-2.218777
-1.937007
-1.239090
-0.164252
4.276216
0.180358
2.219390
0.833174
0.566928
0.045439
0.516291
2.761492
-0.607579
-0.977601
1.440538
3.990835
-1.681189
-1.003909
-2.987980
-0.567788
2.331726
2.575232
-0.269295
-0.747085
3.234810
1.148653
-2.738559
1.489698
3.301545
-0.730238
-1.196944
0.190687
4.557047
-0.631711
1.660925
1.232330
-0.061799
0.107060
1.621367
-0.598909
-0.752483
1.739148
-0.506449
-0.770651
-0.154338
3.281730
1.334704
0.296286
0.274903
-3.217200
4.522332
2.219548
-1.988703
0.880759
3.322964
2.123000
1.540703
0.767665
1.740947
-1.986238
-0.242586
0.622462
1.570270
-2.070321
-0.493419
0.279775
-0.776760
4.399574
0.094086
1.209079
-0.803935
-0.531767
2.009660
0.549529
1.414476
1.715391
1.768427
-0.662074
0.143599
1.152209
0.168213
-1.698678
-0.376539
0.635163
-4.948401
0.513782
-0.507229
0.965070
-0.738639
-0.150736
-1.229028
-1.234973
1.489861
-0.227763
-4.567814
3.183341
-3.230876
-1.246214
-0.717094
0.083400
1.281880
-2.130863
0.804166
0.611809
-0.462555
1.521175
-1.577956
-2.387051
2.127890
-1.385501
2.304116
0.214496
-0.792103
1.614592
-0.923142
-0.527565
-3.367481
0.497762
-1.958596
2.097651
-2.749837
-0.580893
-2.625893
0.125756
-2.186236
2.745053
2.081414
1.588901
2.205270
2.858353
2.238040
-2.978641
0.739203
2.960706
-0.522386
0.593667
-0.266644
1.551890
-4.277383
-0.997923
0.400996
-1.309950
0.526796
-1.744073
3.281806
-0.782502
-2.873317
-0.795515
1.147604
-0.940701
-1.963506
0.295090
-4.481003
1.324490
0.180387
1.499507
0.383841
-1.135772
-1.981490
-4.003353
-3.179474
-0.436855
-3.411082
0.435337
-1.731951
1.698107
-0.622797
3.812114
-0.015684
3.502403
1.692814
4.738577
-0.067301
-1.297677
1.390928
-3.382001
3.112051
-1.484852
-0.505270
0.946480
2.438792
0.070572
-0.458046
-2.195688
-1.500543
-1.630432
-1.714953
-2.196069
1.370584
-3.618325
-0.258755
-0.089283
-1.169298
1.505077
1.462901
-1.495082
-0.275499
0.576206
0.500285
-0.755865
1.144991
1.272510
0.652688
0.968954
2.030328
-0.717811
-2.355064
-1.856137
-1.088283
-0.575707
-1.600976
-0.245341
-0.475660
-1.829045
1.165313
0.027166
-3.046815
2.637633
1.819373
3.458996
0.675088
2.038621
1.703034
0.972685
0.756754
-1.109466
1.088123
0.081549
3.052565
2.031475
3.537967
-4.330264
-2.498945
2.010727
0.271801
-4.315257
-0.987757
0.626262
-0.225573
-4.336020
-1.852300
-2.132339
-2.109709
3.008216
-0.610801
-0.354962
1.211545
-1.428060
0.010180
0.121808
0.633916
1.387996
-0.422103
-1.848307
-0.213147
-1.334553
3.567996
-0.914022
2.125806
1.873967
0.830206
-1.835052
2.085003
-0.957795
1.487248
4.257897
0.224277
1.082380
-0.284125
3.612898
4.123227
1.312239
0.151880
0.214367
-1.131599
-1.161623
-0.265590
-1.543408
1.362478
0.987068
1.089670
-2.880084
-4.154231
3.313845
-2.830985
0.661328
-2.786791
1.018307
0.621563
0.688508
-2.344769
4.414195
1.398249
0.836134
-1.004010
-0.686364
2.751409
-0.539194
2.134712
-1.051550
-2.275559
-0.215052
-0.469555
-0.924553
-0.857128
3.040167
-0.949899
0.205421
-3.444435
0.656362
0.567157
2.705215
0.540889
-2.717623
0.671689
-3.540586
2.762380
3.676269
2.296196
2.070503
1.747154
0.086862
2.978374
-2.920306
-0.178203
-1.071255
-1.647824
2.633430
0.332530
1.698400
0.011160
-0.203678
-1.024033
-0.483108
-0.655647
3.344121
1.461959
-3.030455
-3.676279
-0.797091
-0.311037
0.923787
-0.062555
0.052400
-4.605530
-1.261932
3.138391
1.656573
1.490625
0.963639
-0.796722
-3.021173
-0.873508
5.647660
6.470667
1.104305
-3.353311
0.458538
0.019431
0.138062
-2.162915
-2.409508
0.430852
0.245739
0.410113
-1.486389
-0.833173
0.034630
5.067226
1.435414
-0.526467
0.840950
-0.836300
-3.061958
-0.325004
-1.296050
-0.055232
-3.142500
2.192635
-1.308135
1.336017
1.385515
-0.208675
0.739260
-1.732693
-0.984301
-0.091564
-0.996814
2.725225
0.625319
-3.389939
1.624875
-1.010503
0.204170
-1.795561
0.955394
1.777606
-1.339401
-1.521430
-2.534580
2.091274
0.456496
-0.560880
-0.523269
0.323929
2.589881
-3.168252
-0.378172
-1.534233
2.429524
-3.868470
0.817833
-2.346777
0.608423
-4.046752
1.518845
-1.162075
-1.691066
-2.184583
0.175315
2.495917
-0.622276
-1.071759
1.220130
-2.933140
-1.703528
-0.168479
-3.001619
-0.787093
1.265376
-1.644976
0.200730
0.772404
0.924391
-0.532059
0.203816
-0.683534
-0.702264
2.941872
-1.691321
1.230132
-3.722778
-3.505360
0.404490
-1.690732
-0.363085
5.659396
2.568901
0.180087
-2.003874
1.176876
-1.375414
-1.389907
0.813672
2.139380
1.355606
1.038664
1.978025
-2.528619
-3.530616
2.830006
0.212490
-1.633064
3.712784
0.292436
0.555064
-3.035546
1.379628
-3.321916
-2.822535
1.746798
-1.802404
0.290053
-1.165339
-0.099997
0.683450
0.643819
3.553185
-0.005794
-0.506123
-0.813490
0.467698
-3.597712
-0.030883
4.021790
0.101788
-0.266612
2.445089
1.091027
-3.185106
1.146398
-2.824744
-0.158780
1.693975
-0.851484
0.653394
-4.930910
0.050289
0.494728
2.347053
-0.532659
1.034203
0.855914
-1.039463
0.593094
-4.314716
-3.118755
2.679170
-0.884976
-2.809197
1.571769
0.126496
-0.214792
-0.213156
-1.999309
-2.640800
0.212549
-0.779895
1.399035
-0.269291
-2.656761
-0.783537
0.894501
-1.385747
1.794427
3.540532
1.087781
-0.510618
-0.048933
-0.437083
2.804055
1.343381
1.258080
-1.040725
2.671153
-0.887825
-0.316956
0.125359
-1.898753
0.623374
2.794839
0.774216
-4.123757
-0.276519
2.075533
-5.084324
1.310897
-1.925999
-0.120922
-2.139150
2.363783
0.487071
0.455574
-3.862491
3.083527
-3.255073
4.641887
1.714692
1.360032
1.323863
1.278799
-1.898873
0.541148
-5.198662
0.850559
0.497586
2.088979
1.239458
0.960331
2.069098
-0.066959
0.673520
0.930976
-1.110289
-2.375696
-1.849484
0.801503
0.926438
1.981876
1.647907
-2.795180
-0.526292
-1.257479
1.156869
1.972550
-0.693947
-1.809738
-4.633713
1.627748
2.838917
-1.526278
3.225156
0.718736
0.574138
-0.266781
2.987850
2.556748
2.042208
1.048224
0.902916
0.717689
-2.080335
-1.555015
-0.465918
2.313916
3.628869
-2.020593
-4.653478
1.762479
-1.210463
0.467639
0.400468
0.429135
-3.589958
2.130578
0.513919
-0.926237
3.241182
0.654448
-1.461882
-3.832086
-1.315979
-3.862498
-2.859823
-0.607571
-0.599052
2.255615
-1.861234
-2.950029
-0.006871
0.349185
3.380517
-1.387690
3.606110
-2.342444
-3.008640
-2.162496
1.632816
-1.400233
-1.283482
5.312739
-1.382970
-0.523494
-0.390459
0.874462
-1.357034
-1.027868
0.276423
0.576992
-1.261748
2.353215
-0.472958
0.924496
-0.191649
-1.875361
-3.332002
1.646222
0.155147
2.648836
2.345510
-0.066167
-1.401757
-2.658624
-1.728280
2.463205
1.502622
-2.167700
-0.368295
-0.897441
-0.739502
-2.924634
-0.318689
-0.045653
2.152790
-0.476992
-4.024018
2.005570
0.335552
0.358882
3.029635
2.974533
-0.150425
-1.909285
-0.215245
-1.118782
0.831592
-4.124822
0.762267
2.675480
1.128172
0.996017
-0.225886
-0.484511
0.747962
-0.486573
0.530661
3.547742
1.712947
2.522197
-0.389188
2.422722
-3.453592
-1.234820
-0.352908
0.613885
-1.702163
4.558599
0.731796
2.984358
1.915049
0.974346
-1.884094
-2.439670
-2.427362
-1.786852
0.577096
2.436328
1.491223
1.073212
-1.562620
-1.191526
-4.877068
1.887388
-2.891975
-0.698367
2.664683
2.211449
-0.297475
-0.543483
-0.767916
0.134401
-1.239500
1.333368
1.601387
-1.294231
-1.516874
-1.110217
4.254889
-1.572341
2.318143
1.540389
1.601683
-0.917592
-0.743281
-0.784018
-0.998164
-0.094055
0.669033
-0.879835
0.284110
5.708467
-1.459960
-2.827185
-1.871205
1.016432
-2.107368
-5.130308
1.437601
-3.162183
-0.752564
0.025116
-1.575046
0.040726
3.335090
1.916758
-1.578131
0.481815
-0.587898
-0.541648
-1.166382
-1.156967
0.142107
-2.923258
1.250657
2.042594
1.009755
2.231967
1.474172
0.530456
-0.378500
-1.559725
-1.078077
1.205847
-0.670970
-0.199224
-0.783457
2.112414
1.847660
1.817683
0.783461
-1.912006
-0.365049
-1.108523
-1.899285
1.762076
0.421745
-0.451978
-1.149719
-1.183824
0.706714
-1.892449
-2.132241
-0.287672
1.658911
1.934631
-0.828758
-0.071670
-4.522384
-2.008914
0.544585
2.199744
0.342258
-0.675836
-1.269403
-1.629473
-0.516460
0.435904
-3.106856
1.269100
-2.364796
0.289338
-3.409645
0.458135
-0.580381
0.833136
4.998484
3.204616
3.539737
0.398549
2.718513
3.123598
1.482019
0.493282
0.193131
1.005983
1.338441
-0.518796
2.396798
-2.632736
2.743964
-1.240479
0.511379
1.433993
0.606758
-0.257193
0.747738
-3.092133
1.859202
-0.572274
-0.523936
1.301837
1.270594
-2.167196
0.400613
1.048472
0.455091
-0.436019
1.371941
-0.357536
0.528962
1.773573
0.180220
2.358044
2.000359
-0.521191
-3.257650
-2.348508
1.511046
3.132504
1.175531
-2.255997
0.650690
-1.775560
1.069764
-0.021592
-0.880131
0.002480
1.806221
1.171162
-0.844594
2.967506
-0.587511
-1.758737
-2.149290
0.755198
1.334478
-1.614667
-0.386775
-1.097668
-0.928982
-2.513050
5.083355
-2.119861
0.632507
-0.448325
1.231630
0.974958
-0.007991
1.251964
0.206313
-2.545089
1.816146
-4.993456
-0.850760
-2.525752
-0.230431
0.919193
0.898823
-1.808403
-0.478672
3.232481
3.702451
0.317450
1.669043
6.865215
-0.536133
-2.076414
-2.851296
4.419632
-0.017046
1.078810
-0.332524
-1.158094
-2.432935
0.032273
0.233364
1.197115
-0.104924
-1.410763
0.130268
1.429627
3.577543
-2.512189
-2.530394
-0.260793
1.388885
-2.713143
2.927591
-0.226210
1.956731
0.590044
-1.548429
-3.532698
4.133660
5.392635
-1.638511
0.813925
-0.674181
2.180907
1.228616
-3.166698
-0.014554
1.344052
-2.332296
-0.599512
-2.272794
0.465890
1.414727
1.809505
-0.619963
-0.717011
-0.255351
-1.534023
0.145995
1.254685
-0.961878
0.680918
-1.092496
0.292417
6.490592
-2.401081
-0.836220
2.329956
-1.840060
0.103840
2.534562
1.104139
-1.434771
-2.943792
-2.768888
1.802967
0.081003
-0.216413
2.305813
-1.677917
1.239647
0.603838
1.716435
-2.305806
-0.023052
0.706751
-1.883993
-0.923540
3.568523
-1.514964
-1.651298
-0.346455
-2.560220
-1.451566
3.090536
3.658342
4.372119
-2.392767
-4.465025
4.443002
0.705542
1.209460
-2.270907
-2.164662
-0.873360
-0.661278
-1.815456
-4.132223
-1.595577
4.243923
1.369435
-3.680770
-3.977793
0.462937
0.568087
0.056113
-0.216388
-0.598161
2.025127
0.884912
-0.139693
3.292384
-2.642975
0.614064
-1.049694
-0.926208
1.669586
0.023584
2.036162
-0.452944
0.981046
-3.490509
-0.432755
0.594628
0.130269
-0.627875
2.318146
-1.614365
2.043039
0.274398
0.872674
-1.163431
-3.827880
-4.241002
2.593497
-0.048249
0.806424
-1.073365
0.304763
-2.762268
1.302560
3.660373
2.009892
-1.898042
0.548513
-1.006554
-3.180821
-0.044650
0.572102
-1.061034
-3.762193
1.855842
-2.340660
1.702543
2.001219
0.849872
0.885123
0.441775
-1.957697
-1.417437
-2.548208
-3.185104
0.423637
0.729097
-2.579448
-1.482688
2.482515
-0.795041
0.221546
-0.699753
-1.847233
-1.718353
-1.803803
0.641449
-1.247073
-0.091525
-3.889006
1.169716
-0.644206
1.261692
2.988839
-2.921318
-0.536703
-1.122516
2.663258
0.631097
-2.126693
-0.555254
-1.407338
-2.013246
0.304546
1.196667
-1.176619
-0.059536
1.155984
-2.122604
-0.448021
1.144109
-1.185546
-1.274085
2.776565
0.824816
-1.488133
0.327589
1.201162
0.314354
-4.170155
-1.161402
1.396781
-0.745185
0.453226
-3.354121
-0.596636
0.902873
-1.401795
0.882103
-1.866000
0.935228
-0.360515
0.611856
2.262666
-2.121315
-1.641615
2.946875
2.928157
1.414126
-0.966528
2.885369
-2.698306
-0.195569
3.669698
-1.465226
-1.149315
-0.639160
-6.026503
-2.363767
2.381273
0.649833
2.554642
-0.658623
-0.471372
2.374236
2.856415
4.499319
0.357725
-1.090471
-2.181658
4.717816
-2.942976
0.060631
-0.144159
-1.319242
-1.536193
0.311145
-0.323061
-2.605798
1.686574
-1.334739
-1.437422
-0.021428
-1.088320
1.020159
1.404402
-3.497806
3.413465
0.768821
-2.816653
-1.621744
4.430846
-0.376927
0.907033
2.304564
0.411541
-2.210905
-0.608486
1.298534
-0.931724
2.431075
-2.630392
-1.929761
-0.755142
-0.555815
-0.529197
0.996141
-1.284049
-2.103534
0.578190
1.062373
2.005590
1.599754
-2.107785
3.803562
0.081604
1.293616
1.077789
1.390269
-3.857323
0.956453
1.300077
1.654999
0.497849
0.242998
0.330025
-2.456959
5.835993
0.087429
-2.656756
-0.444388
-1.025822
-1.898683
0.707215
-1.655802
0.268200
-2.231593
1.614531
2.213576
1.889629
-1.798652
-1.340369
0.285965
-1.130414
1.375531
0.436945
-2.035337
1.986102
0.215530
-4.128324
0.281850
1.551828
3.445458
-0.416338
-4.440824
-0.327689
0.625576
0.176953
-0.291832
-1.171488
0.719576
-1.120746
1.605953
-0.858733
-0.379223
-3.802876
2.401357
-0.836487
0.504831
2.683760
2.240139
-2.584903
0.363861
0.701627
-1.028709
0.059330
-1.908789
-0.832788
-1.133318
-0.106349
1.062474
-0.082084
-0.092820
1.959400
2.906264
-1.372563
1.761611
0.415176
0.264301
0.947992
1.463328
0.514621
-1.379502
2.138899
-0.544057
-2.646826
1.807424
-1.921037
-2.109488
-1.712180
1.815179
-3.336905
0.140682
1.198163
-1.066805
1.764866
0.592884
-1.386196
0.171875
0.770261
-3.299167
2.128682
-0.134160
2.226054
3.919290
-1.244613
2.569487
3.849522
-2.775825
-1.222270
-2.861764
1.570930
1.028334
-2.470100
-0.725364
2.259283
-2.381370
-0.286258
-0.651906
-1.704659
-0.882824
-2.351281
-1.719783
0.594449
0.213230
-0.486287
-0.256220
-0.345093
2.631305
-0.251795
2.162206
-0.275423
-1.186869
2.532695
1.218321
1.927984
-1.124293
-2.906401
-5.920817
1.337050
-1.345831
-2.980460
-0.585458
1.265411
-2.026797
1.677154
0.768838
1.256266
-0.215912
1.970055
-2.655746
2.207387
-2.386944
0.745140
0.105677
0.699493
-1.542324
-3.489601
3.582548
-1.471776
2.864777
0.096123
-3.324122
-0.092337
0.319392
0.040766
2.933623
-4.470805
-2.681143
-1.215566
1.390988
-3.080979
-2.167420
-0.965675
-0.046056
-2.324404
2.451955
-2.293368
0.868499
-0.840377
0.267517
-0.787526
-3.212052
-1.190856
-4.062622
0.188866
2.089338
1.129079
2.185898
0.510916
-2.269146
-2.430531
1.786689
-0.106970
3.534333
0.141932
-3.440664
-1.751049
2.165313
0.178587
0.590324
2.653753
0.287149
-0.292101
0.182214
-3.165614
-1.699603
2.996289
1.782283
-1.934354
-2.626247
-2.402119
1.542625
-0.022144
-0.097333
-0.882843
-2.253240
-0.947525
1.017650
1.274700
4.194599
-0.437491
-0.538857
1.897096
0.257468
2.121827
0.981368
1.934504
-1.459712
-1.654810
-1.949095
-1.511722
0.353400
2.229903
3.430959
0.630756
-0.649023
-0.669114
-4.815522
2.406152
-0.167015
-6.791809
-1.652966
-1.119526
-3.090533
5.175802
-1.953808
-1.333976
1.538307
-1.177251
1.055480
-0.797392
0.027328
-0.215581
-1.391718
2.613404
-4.181717
-1.042360
6.681253
6.895891
1.856017
3.900294
2.677921
2.371975
0.433763
-1.380508
-0.784574
-2.549794
0.412515
-0.911799
-0.839867
-1.916533
1.592745
-0.373307
-0.088427
-1.105748
2.424863
-1.138934
0.982213
-0.904707
-0.155274
1.532167
-1.346109
3.252706
1.127575
-0.668378
2.339605
0.502267
1.935961
0.945833
-1.730209
-0.046882
-0.411314
-1.628722
2.778641
-1.025848
-1.208522
3.518115
-0.552698
-3.273959
-0.262985
0.653082
0.372005
3.785861
0.365582
-0.786439
-1.950685
3.444108
-0.958521
0.292706
-1.838925
1.889187
-1.085598
-0.190665
0.386849
-2.915265
0.923768
-1.283446
-0.258190
1.159250
-3.531698
-0.165214
-4.741074
1.135594
1.320862
-2.248682
-1.053445
-1.657570
-3.038098
0.057463
1.016039
-1.731664
2.632654
2.886041
1.604466
-0.581119
0.986532
-2.367186
1.553594
-0.738857
-3.321231
0.213761
4.261730
-1.985976
1.741725
1.041642
1.217429
-1.532361
4.564069
0.036345
-1.230661
1.418300
-0.123129
-1.434895
-0.300704
0.723378
-3.702791
0.958225
-1.107511
1.070424
1.133091
0.159272
-0.201756
-1.160128
0.995090
-1.849652
0.463193
-0.598923
0.344315
-1.460199
-0.197398
2.785284
3.362571
-3.666363
-0.612041
-2.552618
-0.638799
2.250784
4.250295
1.021939
3.532556
1.310587
3.231025
2.474244
0.861413
1.129942
1.630009
-2.240288
-1.866283
-2.368301
-5.983103
1.251869
-1.206910
0.853483
0.198217
0.815825
3.139316
-1.539639
1.023651
-1.609736
-0.647246
1.974440
-1.862316
-1.488328
0.623660
3.937304
1.312975
0.355714
-1.412879
-2.494013
0.269396
3.672250
0.551266
2.572463
1.935406
0.722993
2.387464
-0.646304
2.208901
-3.454052
-0.168362
-1.721213
1.726648
0.772516
-0.856279
-2.213248
-0.582968
-0.741229
2.189726
1.465771
-0.150848
-0.230469
-0.907492
0.333599
0.815858
-0.871031
2.245905
4.500046
-3.601422
0.311575
-1.779158
-0.457261
1.322458
4.515381
-0.705507
0.956671
-4.954495
-3.510628
3.895990
1.100449
-0.205414
-1.234629
-2.981881
0.071422
-1.081457
-6.331704
-0.667360
-0.537139
-0.034287
1.689645
-0.313362
-1.111882
0.197944
-1.600181
1.370831
3.560317
0.075738
-1.695670
0.646519
-1.651028
-0.387787
-0.619720
-0.092807
0.157697
-1.482123
4.978587
-0.646730
-1.428397
2.444947
-0.053827
0.296065
0.625148
0.821033
0.736134
-1.674178
1.514686
0.120974
3.065327
-0.408896
-4.173586
0.901259
-0.125203
-1.546689
0.302168
-0.801162
-2.439995
-0.373411
-1.294855
-1.195070
-0.718797
-1.753177
-1.134712
2.586347
-1.900595
-2.739224
4.080158
0.393371
-2.101491
1.575385
0.212914
0.996233
-2.128866
1.376211
-1.932192
2.984050
5.889616
-1.009516
1.907213
0.747545
0.641840
-1.210426
-0.950210
0.313054
-1.236500
-2.338627
-0.392669
-2.418511
-0.013021
1.363587
0.052006
-2.746241
0.469989
-1.179376
1.081837
1.651365
-0.612393
-2.079882
0.276431
-1.269121
1.357000
-0.246290
-2.491064
-3.424158
-1.590321
-1.063480
-0.603227
0.681492
0.501769
-0.195013
0.178194
-0.015826
4.465772
1.165850
1.462936
2.760912
-2.394398
-0.733563
-1.099723
-4.236801
-4.902521
-0.046854
1.670491
1.402576
-4.669789
2.835900
-3.383380
-0.167240
1.105252
2.976533
-3.288047
-4.078030
-0.724126
-1.086838
-0.074398
0.915492
0.514354
1.753645
-2.782747
0.625971
4.048437
-1.938966
1.865887
1.413111
-0.768301
-5.780773
2.415966
4.939811
0.121451
1.510175
2.381002
-1.584562
-2.582688
0.535846
-2.336135
-2.717507
-2.712052
1.009853
-1.439453
1.326210
0.268183
-0.424557
-0.937798
-1.435993
1.484205
0.253537
1.195525
-0.097118
2.650629
-0.696685
0.279095
0.520596
2.356532
1.542441
-2.495580
-0.789542
-0.795896
1.831368
1.313816
-1.613226
-0.110376
1.407140
-1.255905
-2.888420
0.735063
-1.683325
-1.547098
1.262602
2.933494
-1.559562
-2.338266
-0.768702
-1.188994
-1.319680
-1.735079
-3.780940
1.320126
1.421967
1.715718
-2.679701
-1.032341
1.833206
-4.255265
-1.976731
-0.162408
0.852502
-1.008270
1.077524
-2.864863
-0.677324
1.130787
-4.000807
-0.791352
2.897583
0.106461
1.951485
-1.542964
-3.127442
-0.423325
1.289319
-5.810501
-1.392083
0.823624
-2.613168
1.756061
3.756779
-1.269019
1.604017
0.257034
-0.974398
-1.273514
2.276885
1.657856
0.044527
1.550767
3.513000
0.395010
2.785971
0.029691
0.847194
-0.280341
3.826283
-0.356615
0.878437
-0.195996
2.942788
2.791392
0.263372
-1.694354
-0.766619
-1.924420
-1.144868
1.117406
-0.734539
0.806518
0.627815
1.829197
-0.816551
0.104460
1.854833
1.418985
-3.648093
1.397317
-1.127517
2.263059
2.704355
1.245135
0.286183
0.447566
0.569703
0.352695
-1.397441
-0.666457
-3.656995
-1.281893
1.449037
0.029519
0.199974
0.622584
-1.312819
-1.835233
-0.649406
2.160334
-0.735856
3.405584
2.763534
1.184829
-2.013801
-0.545626
2.201685
0.424833
3.660449
-2.218930
-2.743781
-0.311986
1.137864
0.146721
1.661140
-3.081940
-1.517855
0.073531
2.690409
0.561656
-1.123964
0.338871
1.040828
1.381049
1.255736
2.258468
2.197843
0.938085
0.550273
-2.564341
-0.201529
-1.210302
-4.510543
-3.370092
2.052639
1.666049
-0.035530
-0.486189
-1.878454
-3.013389
-1.463379
2.979544
1.569119
-1.631055
-0.440890
2.480569
-0.611967
-2.344608
0.369403
0.055560
3.666864
-0.591813
-1.120983
-2.057806
-0.549356
-1.333153
0.491204
-1.160816
-4.009602
2.882444
-3.198756
-1.017093
1.061914
-0.970199
-2.865973
-0.999834
0.111854
1.163923
0.524452
-2.168521
-0.499699
-1.003240
-1.087746
-3.048465
-0.792310
1.964567
-0.880979
1.908158
-2.944018
-1.861567
-3.327895
-0.257111
1.568533
0.277308
-1.207725
1.050273
-1.880853
2.832409
-1.029234
0.763435
0.766700
0.424649
-4.653623
-3.092397
-2.723909
0.380834
4.805065
-0.967404
-4.067853
-0.744716
-1.449255
-1.805936
-3.519293
3.066824
-1.797810
0.618302
-0.803068
-2.912316
-3.380395
0.058322
2.855444
0.923893
1.079645
0.946834
-0.032910
2.384058
-2.969812
-2.273035
0.143306
0.088646
0.751092
2.012742
0.086134
1.817435
-1.154108
-2.187276
-1.612026
1.989150
-1.875300
0.582336
-0.309398
-4.226654
-1.246196
0.627770
-1.963973
-0.161071
-1.743348
-1.870029
2.778057
-1.615479
2.883994
-0.189261
-1.583769
-0.293462
-4.884508
-0.101117
-0.967269
-1.217291
-0.182543
0.216915
-1.403992
-0.275285
-2.396558
-2.229067
-0.586592
3.237809
-0.131087
-0.930661
1.014431
1.654285
1.248990
-2.878790
3.046910
0.260223
-1.902349
-0.694975
-2.415634
-2.911688
-0.410327
-2.776149
-3.488588
0.814002
1.287433
-3.911251
-0.679157
0.624367
-1.783688
1.243377
1.404081
0.349750
-1.075582
0.598472
0.469209
-1.071220
-1.848446
0.942917
0.701933
-1.526479
-0.032179
0.589875
-2.144224
5.571938
1.446329
-0.471542
1.030199
1.204997
-1.465229
0.854730
0.538855
-2.075682
1.272391
-2.622380
1.339376
1.620194
-0.771174
2.120224
0.806871
3.040945
2.990059
-1.275912
-0.849546
2.107386
-2.296456
0.427943
-2.168578
0.660845
2.762248
1.110014
5.084884
-0.077498
3.251771
0.399000
3.217531
-1.041605
3.530162
0.846235
-1.882295
3.129936
1.238510
-2.926388
0.413251
0.775943
-0.334710
0.513072
2.221683
-2.041249
-1.139171
1.450347
1.667269
2.093244
0.619699
-0.698587
2.113255
-1.581188
-4.541438
-1.563863
0.011419
2.241857
-0.461472
0.088729
-3.628818
3.212698
4.373132
-0.238395
0.866643
0.731819
-3.676156
-0.627172
0.394804
-3.251891
0.599128
-3.609851
-5.163542
-1.677186
-0.955178
2.834562
-2.614533
0.029680
1.367437
-0.596330
-0.567728
2.058935
-5.671479
-1.036976
2.539000
-2.320142
-1.038670
-0.270189
0.417233
-0.595285
-1.321932
-1.341108
-1.806844
0.746332
0.714870
-3.046985
-2.917563
-0.736636
-3.905592
-1.071869
2.572162
2.814276
-1.436435
-0.330396
1.843234
-4.659852
-0.341755
2.504020
2.686226
0.205484
-0.297553
1.463951
1.141218
2.423427
-1.395137
1.435032
-1.424635
0.108506
3.330941
2.237183
6.139372
0.743736
1.288364
0.294875
5.052604
3.916680
-2.474082
4.169050
-2.856124
1.217455
-0.923856
-0.106641
-2.436455
0.206472
1.689510
-2.559673
1.578024
3.042415
0.052605
1.642954
0.188188
-4.398887
1.476760
2.232723
-1.540378
-1.463281
-3.170801
-1.225195
2.292982
-1.823182
0.553073
0.257979
0.493646
-2.551823
-2.272430
-1.024905
-1.289674
-1.424086
-1.049359
-2.260229
3.321212
-0.799196
-1.279608
-1.252235
-2.372534
-0.482060
1.832808
0.409729
2.708206
-2.945277
-0.440881
3.190781
-2.236263
2.773426
-4.941916
-0.087327
-1.075096
1.699235
-6.317434
-2.218014
-0.580478
-0.719948
-2.395430
-3.023244
-2.471545
-0.073272
-3.357833
-1.536435
1.227377
1.132197
1.891659
1.019982
0.207084
-2.647062
1.240618
0.278433
1.522384
-0.193014
2.685764
1.781062
-2.304808
-1.378761
-0.507940
-1.479197
0.295467
2.186869
-0.838771
0.747362
-2.563491
-1.259217
-3.286748
-1.057443
-2.777950
0.113735
-1.932459
2.015042
2.102000
1.426651
0.445253
1.549385
1.783573
-0.797766
1.568725
1.433893
0.650320
-0.289336
-1.257365
2.793714
-3.198757
-0.447514
-3.371902
0.611239
-0.561480
2.880956
-2.869000
-3.924764
1.018502
-0.198979
-0.871568
-1.136336
-0.913147
-4.679550
-0.287732
1.454335
-0.563524
0.882511
-1.124517
-2.972699
-1.098894
1.307248
-3.322652
0.399504
-2.339929
-2.483364
2.680608
1.004045
0.910239
1.087148
3.822812
2.510655
1.937723
0.225560
-1.873820
-1.358657
-0.333088
3.208395
0.039591
-1.462783
3.331389
-0.459318
-0.963593
3.373103
-2.662226
-3.266775
-2.100263
1.586125
0.952448
-1.501454
1.676081
-0.848668
3.652224
1.658762
1.331564
1.924069
-4.414312
2.823180
-4.618100
-5.629417
-0.566041
-0.480887
-1.026109
-2.453422
-2.121017
0.515665
-2.342946
-2.437494
-2.171834
-0.421953
-1.941881
-1.932451
-0.622714
2.060026
-3.430835
1.407148
-0.853012
-0.504795
0.178249
-2.901466
1.287495
0.494327
-1.497862
0.452172
-0.534051
-2.180071
0.900986
4.592982
-1.506025
-0.326556
-2.846538
1.322644
-1.033292
0.307174
2.032100
-2.022419
-3.772239
-0.015774
-1.150969
-0.251978
-3.598738
1.346617
1.189426
-2.936226
0.430836
3.303715
0.541409
-2.938339
3.570969
0.223331
-3.602633
1.412722
-0.540395
-0.379823
2.916508
0.533965
-3.136859
-2.620920
-1.311134
-4.488706
0.477917
-1.605896
0.208005
0.594133
0.996695
0.724941
2.588107
0.194548
1.313932
0.455740
0.005518
-0.326075
-1.573346
-1.248836
1.735009
0.618910
-6.149597
3.097926
2.009245
-0.825260
3.344197
-3.226031
-3.298876
0.793429
-0.967177
-1.750981
-0.098098
-0.870024
-3.572839
-1.039236
3.095388
-1.140200
-2.224051
2.884584
-1.946334
-0.570240
-2.150182
-1.450488
1.009202
-1.579551
0.476109
-0.572696
-0.629670
2.089724
-3.186302
-1.816750
-2.449389
1.324097
4.502027
-0.694168
2.615461
2.649657
-1.389951
-1.284274
0.973128
-1.440878
-2.427852
-0.878042
-3.251609
-0.177505
0.604732
1.153738
-0.811740
-5.256379
1.868152
-2.029595
-1.000954
-1.427645
0.099452
1.064931
-2.702424
0.002011
-3.892415
-0.339301
-1.123704
-1.532481
1.886516
-0.583877
0.933377
-1.004315
-0.554626
-2.735801
1.262178
0.834530
-1.790751
-0.734327
1.876410
0.515945
-1.795014
-2.122657
1.094836
3.332549
1.942929
-1.030320
1.848842
-0.945025
-1.308420
1.007597
0.032946
3.794712
2.462018
-2.056831
3.749439
-0.487841
-0.200324
1.222574
1.630775
-2.557749
4.838096
-3.481923
-1.989289
-0.513458
1.144324
-0.943762
-2.103653
1.931479
1.536397
-1.837434
-1.150318
-2.572324
-1.863931
0.765650
1.940886
-3.014921
0.104089
1.095162
1.027191
-1.753575
0.591538
-3.194945
1.351903
1.952743
5.727375
1.459921
3.401840
0.478209
2.235253
2.037039
2.376610
1.602669
1.807309
-1.898984
0.292898
3.109850
-0.602627
-2.363168
1.625145
-1.324453
-1.142870
2.463111
2.425775
0.808163
-4.383373
1.030002
-3.333341
-0.922291
-3.160389
-0.000152
1.454098
-1.375967
-1.444062
0.930681
-2.267524
0.171331
0.324008
-2.715874
1.069773
2.202511
1.756167
-0.337588
1.879683
0.267573
1.849843
3.349301
-0.817654
-0.110137
0.874618
-0.610849
0.086572
-1.347695
1.810223
4.933868
-0.338083
-0.685940
0.376613
5.060882
1.154306
-0.816239
0.792020
3.219446
-3.375997
1.222711
-2.106151
0.468526
1.426214
0.961024
1.045594
-0.175073
0.434614
-2.700022
1.672307
-1.395371
-4.047647
1.391781
2.374787
-1.598027
0.233416
1.157112
0.139080
2.780398
1.820127
0.139998
3.899808
-0.313648
1.094628
0.125150
-0.404378
1.630903
-3.069861
-3.447319
1.224438
2.943701
0.595035
0.435550
-1.107017
-2.706185
-0.902323
-1.823975
-3.117055
0.997980
0.214495
-0.096561
-0.307907
-2.843091
-4.158559
-4.740020
-0.915010
-1.953633
-2.607175
0.080965
0.762798
-0.395891
2.462775
-0.535049
-1.764841
-0.771480
-0.795332
0.013398
-0.696888
-3.299029
-0.206684
-4.175324
-1.840616
4.796879
3.719140
0.825977
3.393489
-4.070235
3.854761
-3.635921
0.246628
3.476679
1.424569
1.347102
2.390968
0.330029
-3.355947
0.811884
-0.653075
0.584208
-1.110260
-3.195750
0.875725
3.074070
-2.646344
-1.559022
-2.915947
-1.658631
-0.765496
0.418109
3.036722
-2.524634
1.650462
-2.349047
0.425473
-1.426803
0.230472
-2.787498
-0.178836
2.254516
1.801315
0.038178
-0.240448
-1.711055
1.062048
1.660322
1.348446
-0.700270
-0.609310
0.931701
-0.438561
0.112615
-2.137202
-1.858633
0.890435
-2.819534
1.071088
-3.008743
-2.459962
1.091580
-1.591126
0.077523
1.114533
-2.209565
-0.787374
1.001867
4.354610
-2.024406
2.020802
-0.863783
-0.152191
0.002596
0.142797
-3.220978
1.122053
-0.740331
-0.202440
-0.510021
2.284788
-2.062985
0.305300
-3.066707
0.078456
-2.465942
1.544348
-0.953255
0.896209
-2.212194
-4.791340
2.847018
-1.221244
2.343422
-0.100241
-1.396407
0.533570
-0.549229
1.657276
-0.557674
1.790081
-1.234946
-4.462917
-0.117463
-1.922651
-0.046671
0.333206
-3.066793
-1.104874
0.290855
2.656863
4.015680
1.010740
-0.596058
0.566507
-1.582618
-1.931234
-0.421986
0.237396
0.507134
-1.430026
1.959111
0.498675
-0.422641
1.119397
-2.332898
-1.294535
-1.834524
-0.245716
0.387316
-0.213274
1.171460
-1.612041
-2.530741
2.326374
-0.934461
-0.266421
-0.752101
3.543084
-2.078954
1.380316
-0.912362
-0.745700
1.400000
-4.773643
3.419351
0.787473
-2.912546
-3.151793
-0.934000
-1.400310
-1.361103
0.320378
3.444180
-2.408139
1.319287
-0.029472
2.837500
2.155121
-3.662805
-0.782027
0.769007
-2.081341
-1.552680
-3.295458
1.066404
-3.805458
2.311557
-0.683781
0.697641
-1.266083
1.097045
2.110472
0.331952
6.305618
-1.574337
-0.434217
-1.843454
0.145442
0.573460
-0.583580
-1.179228
-3.061294
1.388372
-3.530083
-5.016806
0.265910
-2.716248
-0.691821
0.406143
-0.758934
0.094864
1.686169
-3.324036
2.930453
0.319740
-0.144085
1.603136
2.438730
-2.684127
-0.479721
-0.938521
0.315364
4.004889
-1.828294
1.820243
0.770473
-1.547314
1.368274
0.483828
-3.213360
1.538153
1.515309
-4.210557
-1.057847
0.342908
1.337154
-0.899480
-4.135787
-1.016914
1.408809
1.904172
-2.684348
1.666980
-2.511685
-1.261513
-5.036628
-2.086169
-1.486293
0.438539
1.627395
-0.239426
-0.965064
0.426576
-0.806881
1.993880
0.311578
1.329364
-2.113708
1.422588
-0.785426
2.777560
-0.729600
-2.981220
-0.379982
-0.856293
1.201919
0.324190
2.015054
-0.803647
-2.443265
0.873032
-1.352026
-0.124355
-2.876039
3.638864
-4.783374
0.696123
0.664988
1.674927
-0.544583
-0.431848
0.459689
-1.685794
-0.980679
-0.038158
-3.991467
1.540151
-3.764454
1.075796
-2.569206
2.534121
0.869238
4.982175
-2.490101
1.912055
4.003888
2.251112
0.293835
-1.824799
-1.198255
1.027689
-2.305963
0.735710
1.477017
1.278112
-2.863745
0.363760
1.776198
4.057135
0.095461
-1.155797
-2.179287
2.125370
1.839051
-1.607483
-2.057426
-2.021632
0.475861
-1.278969
2.609586
-2.685989
-0.993812
-1.200884
0.114303
-0.220919
1.682534
0.704218
0.970463
2.119227
0.578705
-2.192262
2.484855
1.739004
3.335187
-0.161105
3.131567
-0.386225
-1.657961
2.366153
-3.756698
1.437886
0.954892
0.417039
-1.560963
-2.542631
2.197427
1.734847
0.444412
0.240198
-0.099446
2.736885
0.884445
-1.011550
2.255522
-3.293450
1.015977
2.046993
1.724482
-1.197185
-2.018361
1.008429
2.230397
-0.693289
0.561363
0.624026
-2.279878
-2.594215
1.554304
0.114635
4.996363
-2.197305
0.413384
-2.933440
-1.464341
-0.112371
-1.815838
-2.434071
1.943338
0.024625
0.171532
-0.150233
-0.540158
0.932663
-2.457750
-0.831881
1.342088
-1.084209
0.269379
-0.268335
-0.174281
0.386822
1.020529
2.367335
-3.324934
1.380559
0.136892
-2.345534
4.649984
-2.221932
-2.085986
0.064098
1.109432
-2.048659
-5.470414
0.124563
1.359383
-1.181944
2.282179
-1.581256
-2.169446
0.556751
2.054696
-0.538207
0.741090
-1.130949
0.730217
1.030814
1.301397
-0.785572
1.769870
1.815176
3.948341
-2.285524
1.269529
-1.948032
-1.261031
0.742640
-2.409658
-2.078471
1.981133
0.523230
-0.535000
-2.674017
2.291745
3.692516
-5.755984
0.434718
-2.025167
-0.257302
-0.593970
-1.264480
-0.913682
1.158926
-1.132558
-3.044031
2.328539
0.812912
3.270390
-0.948818
-0.117678
1.507770
-1.136016
2.697421
1.093224
0.914005
2.369486
1.581236
-2.104590
1.611730
0.179250
1.286396
1.574931
2.427480
5.497160
2.031494
-0.664658
4.532435
0.285589
0.476229
-5.098011
-0.221905
1.395686
1.289597
2.247795
-0.203590
-1.295018
-2.214509
0.679935
-2.992719
1.170127
-2.210169
-2.572732
0.329472
-0.871169
2.195694
-0.739241
-2.097502
0.402785
3.254496
0.958901
-2.906192
0.612993
0.870779
0.213891
-1.460834
3.625558
-0.671191
-1.127328
-1.989922
1.467206
-1.491944
2.051514
4.001601
-0.257944
-0.487253
-0.872560
0.926066
1.323844
-0.107476
-5.189691
2.424258
1.716814
-0.365107
2.615704
1.223208
-0.631544
-1.643262
-0.531727
1.046754
-2.411454
-3.021664
1.572508
-0.814408
-0.594900
2.543198
-0.926568
-4.162538
-2.025264
-1.124588
-1.436529
0.618673
-0.533109
3.351152
-4.102980
1.248045
0.960365
-2.458324
2.333687
3.539236
-2.977670
0.405733
4.668393
-1.545093
-0.688837
-0.111601
-0.594268
-0.366390
-0.483861
1.576375
-4.540412
4.356354
-2.094997
-1.200318
-1.591296
-1.307229
-1.621651
-0.220170
-0.258260
-1.764263
-1.207971
-0.997846
2.323547
-0.328421
1.905852
-1.585533
-1.656116
1.921290
0.733491
-0.652333
-1.245033
0.796213
-3.256789
1.253133
0.692636
-3.277689
1.383620
0.188283
1.031043
2.667626
-3.024788
-1.687563
0.893162
-0.863230
-1.685045
0.313317
1.343383
0.188017
1.142712
-1.887513
3.055634
-0.577671
6.119261
-0.198357
-4.025227
-0.397402
-0.516401
-0.442033
-1.363583
2.877543
-0.596430
-0.431651
2.645880
0.568659
4.627719
2.593256
0.646166
0.759944
2.770895
1.128811
0.472931
-2.045341
-0.711668
-2.096421
-0.738686
-0.221798
-0.408447
0.838215
-1.061156
-0.272257
0.460084
-1.657568
-2.326372
-3.063485
-1.555794
0.327085
1.288804
-1.169783
2.046872
-3.335094
-0.284555
-2.190945
-2.525970
0.706631
2.727917
-0.352111
2.977620
-3.413970
-2.179220
0.754168
-1.018806
-2.789198
1.144448
0.226238
3.251066
1.735423
-0.522249
2.103238
-3.854498
0.248925
-1.250809
-0.478127
1.732653
1.294481
-0.450491
-4.196793
-2.632058
0.963409
0.086970
-0.178713
0.664033
-1.080392
0.304799
-1.857878
0.266857
1.123013
0.552052
2.929085
0.470644
-0.147220
0.901860
0.230743
1.621832
3.790812
-1.361377
-0.595807
-3.264227
-0.506622
1.824494
-1.356715
1.165278
0.782706
-0.229522
1.128429
0.296412
-1.368884
-0.856133
-0.883557
3.158679
2.207278
1.361784
-3.405597
1.541972
-0.045122
-0.760249
1.139668
1.037213
0.029476
-0.189528
-0.738198
1.960709
-0.332291
0.654818
0.150862
0.703820
1.372596
2.239418
1.745753
1.050830
-1.420456
0.336349
0.097558
0.496599
0.104444
-1.285320
2.269553
-1.522037
0.323031
0.657974
0.171084
-1.402049
-0.485503
0.438628
-0.858278
1.187058
4.014202
1.214295
-0.641794
-1.156901
1.018188
5.646559
0.000237
-1.069782
-0.188189
0.897703
-0.419636
0.985897
1.905354
-0.700534
-0.487030
-2.099451
0.959573
0.432837
2.295334
3.688951
2.086046
-0.989417
-0.256057
2.714956
0.484386
-0.569910
-2.901156
-1.586947
1.235981
1.178763
-1.996400
0.646164
0.766651
-0.444267
-0.467953
-3.237858
0.833134
0.099213
2.474766
-1.221824
-4.061797
-5.249317
-0.346737
-0.561848
1.506094
0.925503
-1.564068
-0.458341
-1.398238
1.972112
1.751312
2.256791
-0.384327
-0.544871
-2.684359
-1.677311
-0.051798
6.171542
1.955512
1.603120
-1.484681
-0.062709
2.551148
1.849110
0.665036
-0.770268
-2.763802
1.871295
-1.750358
2.606989
0.283119
1.937964
-1.113192
0.619106
-1.998482
0.100980
2.871565
-0.347553
1.212851
3.064875
2.097831
-1.272762
-0.484604
1.664865
-0.770503
0.335676
1.161319
-1.172971
-0.775528
2.760364
-0.269443
-3.072858
-1.067020
1.215801
1.013517
0.384062
-4.482835
-2.337074
0.611424
-1.044630
1.761561
1.194656
0.765083
0.179471
0.988074
1.960414
-2.960197
-1.058094
-0.222215
3.167172
1.975219
2.074421
-1.342277
-1.118501
-1.110608
2.840459
-0.691904
4.057450
-0.469912
-0.028426
-1.590837
0.279679
-1.326637
3.370766
-0.852398
0.925974
1.864103
-0.547742
-0.168007
0.649086
1.229336
-0.124392
0.694451
1.324817
-1.736966
0.647439
-1.275171
-5.419581
0.441239
-0.975424
-1.446035
2.110008
-2.167784
-0.753204
1.433912
-1.859647
-2.436353
-0.521045
2.581447
3.888468
-1.369835
2.441348
2.453524
1.298986
-0.375171
0.079586
-1.001305
1.047885
0.467386
-1.218837
1.596602
-1.361217
-2.018475
1.125997
2.524884
-0.043980
1.938468
0.060104
-2.430281
-1.096492
-0.675783
-3.502227
0.631677
2.373973
0.665990
2.549294
3.604987
0.115339
-2.189955
1.593702
-2.292174
1.673044
-1.771110
0.181795
-2.182434
2.472490
-2.943249
0.578571
2.672325
-1.708273
-4.023935
0.947371
2.359418
0.630058
-1.289740
0.743859
-2.510858
0.125732
0.916914
-1.691002
1.241545
-0.861754
1.222518
-0.689493
3.377957
-0.083978
-1.849002
1.236966
-2.205171
1.259400
-0.264643
-0.239387
2.471598
-3.746966
-0.007681
0.328195
-2.089999
0.611505
-0.389108
2.283920
-1.335962
2.750535
-0.736545
0.201740
0.168771
2.394940
1.972136
1.588157
-5.446069
-0.570100
-2.159645
0.920972
-0.406422
-1.384109
0.896059
1.740179
-0.451324
-2.381304
1.380378
-2.026028
-0.030827
-1.787094
1.166162
1.817005
-0.760068
1.978069
-4.057967
1.114758
-3.769918
-2.271743
1.393242
-1.397692
0.797704
1.061802
-2.729760
1.872714
2.029000
2.349723
-2.472059
0.681145
-1.083433
-1.076041
-1.291524
1.388597
2.214979
2.875725
0.906791
-1.955991
1.268016
0.289471
-1.569108
-1.596167
2.106358
-0.190159
1.374511
2.144122
-1.172058
1.800635
-0.217610
0.426019
-0.539653
-4.504187
-2.595027
4.481554
1.401240
0.857079
-3.627965
-0.583343
-1.013374
0.113891
1.407201
1.247181
-2.116276
-0.328988
-0.796884
2.116887
-1.862985
1.122167
-1.090659
-0.196549
-2.642137
-3.831612
-4.044382
-2.106689
-2.884841
0.728579
1.178403
4.448127
-1.254260
2.779632
-1.137626
-0.107835
-1.595104
2.969436
1.410935
3.861750
-0.383296
-1.954794
-1.366216
1.704581
1.665982
1.050700
1.245722
0.985461
2.500057
3.483307
0.988387
1.267493
-1.098698
0.973260
1.579449
0.094559
-4.055212
1.281030
-2.477435
-1.120101
-1.022856
2.444808
3.061013
-3.359799
-2.306370
2.679145
-1.936833
1.365145
-0.778405
2.468438
0.532412
-0.621033
-0.248769
3.057289
0.531004
-0.318381
-3.277379
-1.083752
1.969921
0.127402
-0.678328
1.390816
-0.971252
0.381213
0.706352
0.161029
2.493602
1.987488
0.702487
0.999802
1.286905
1.090582
-1.052458
0.979601
-0.414966
0.331109
-0.703799
-4.701169
3.161570
2.340914
0.090930
2.880284
3.504909
0.002757
1.090088
-1.368094
0.241962
-2.682469
-1.158790
-1.328350
0.112615
-1.901176
-0.962881
-0.395387
0.347493
-1.423682
2.077125
-2.130579
-0.147161
-0.556490
2.028954
-4.105572
0.438543
0.546968
0.111674
-0.405608
1.569978
3.603332
0.802655
-1.605862
-2.450547
0.443640
-1.880135
-2.756974
0.289014
-0.642011
1.115264
-1.804285
-2.169896
0.002564
2.664824
0.372542
1.777941
0.958141
-2.963089
-1.168791
-0.181256
-2.287723
1.291089
-0.382156
2.470507
-0.802350
-2.890805
0.059091
-4.131059
-5.707813
2.095866
0.189323
-0.293770
-1.459247
0.629484
0.111843
-1.455656
1.729884
0.843276
-1.036040
-1.528925
-1.989636
3.660831
-0.731275
-2.333710
1.291267
1.537226
-0.894568
-2.257027
1.182505
0.134675
0.061825
0.424680
-2.385040
1.271960
-1.174680
1.092328
2.673132
3.209785
-2.941419
2.499675
0.535834
-3.186896
-1.687362
-5.208322
0.331153
0.569782
-3.895879
-0.273283
-3.133888
1.740685
-4.329396
-3.856004
0.905093
0.542088
-0.796658
-0.567173
1.976524
0.965986
0.622149
-2.351099
1.561431
-1.694891
-1.241169
0.444765
-0.688855
0.461799
4.130932
-2.756658
-2.643547
2.469458
0.401580
-0.040337
2.873578
1.720176
1.115249
-1.747778
3.874210
1.780519
1.034456
0.490189
-1.015422
5.285923
-1.055573
-1.623062
0.616024
0.329751
0.914556
-0.449335
-1.025854
-0.895840
0.247321
-1.679064
-0.210173
0.298221
2.207516
-0.115427
2.291518
3.035406
1.446592
-0.201034
1.276457
1.853490
-0.986614
-0.754401
4.292054
-1.697748
-3.706740
-2.939486
0.583368
0.165917
0.173360
-1.962722
1.380497
-2.652465
1.697700
-0.981813
-2.065620
2.620999
-0.792342
1.043696
2.068545
-0.047225
0.758475
-1.872340
-1.836409
-2.036859
1.284111
0.476971
-0.326978
-2.165844
-0.480859
-0.084790
-0.152093
-2.392190
0.247900
-3.579612
-0.542523
-1.748786
-2.328139
1.312272
-0.048227
-1.616153
-2.177219
-1.045834
0.681041
0.326590
2.645999
0.624057
-2.135374
3.572168
-1.542368
-0.071672
2.035935
-2.010580
-0.415145
0.666635
-0.630392
1.217323
-0.020148
1.721057
2.357822
-4.244594
-5.508712
1.821509
-2.009683
-2.620845
0.487780
-0.120144
-1.921656
2.531249
1.314915
-0.298471
2.220717
2.997455
-3.479910
-0.206147
2.139813
-1.580702
1.721213
-1.200535
3.458803
2.808296
1.249407
-1.329621
1.713141
-0.631805
-0.752700
2.214925
-0.801797
-1.605587
3.997024
-1.032432
-2.218844
-3.305614
3.696902
-3.244189
-0.200176
-1.183165
2.311971
4.289226
-0.605685
-2.854516
0.051736
1.397364
-0.724586
-3.137086
0.386416
-0.158401
-4.406114
-0.034338
-0.299650
-1.377217
1.735752
4.368114
0.909210
-0.811014
2.140953
2.545872
0.398394
-0.079500
1.027559
0.001054
0.299347
0.235650
0.681191
2.709041
2.251380
2.486022
-1.212766
-0.352366
0.994520
2.696910
-0.732268
0.445881
0.626785
0.305482
2.700131
-3.969170
4.020108
0.255103
-0.629816
-0.647567
-0.569122
-1.751917
-0.785605
-4.068326
-1.529510
-1.786911
0.384824
3.437626
-0.465748
-1.078083
1.647905
-1.012906
0.398098
3.879751
0.822220
-1.569954
-2.066447
3.793068
3.116272
-2.089918
1.330755
-0.470940
0.577267
2.657498
0.617270
-2.377974
2.709324
0.398379
2.257680
-0.118974
-3.551707
-0.857756
0.442574
2.343405
4.294376
-2.101910
-2.139849
0.403860
-1.130388
0.692394
-2.224091
-2.434625
-0.862655
2.447039
-1.889681
-3.092457
0.277868
0.804125
-4.338253
0.741456
-1.617865
-0.727173
-1.258904
0.666275
0.743276
-0.748155
-0.671640
2.987511
-1.920233
3.558302
-0.848293
1.537599
-2.077473
-0.956294
-0.100970
-1.120675
-3.210717
1.938841
0.195092
0.460134
0.857793
-1.530253
-3.451175
0.955410
-0.275149
0.749798
-4.192492
-0.606489
-0.454225
2.071138
3.012363
-2.970589
-0.487026
-2.313888
1.205586
3.061041
-1.725057
-0.633332
2.708359
