0.565811
0.610930
0.505768
0.179647
0.816686
0.183472
0.584653
0.422156
0.025334
0.316260
0.061276
0.083659
0.976791
0.978058
0.873889
0.053077
0.268988
0.092338
0.880963
0.562573
0.663514
0.981441
0.961910
0.139447
0.223442
0.214417
0.011986
0.868391
0.331787
0.536112
0.556597
0.897598
0.147042
0.062365
0.077245
0.963728
0.245837
0.661898
0.385884
0.271171
0.978157
0.447160
0.354830
0.954948
0.425219
0.228719
0.008025
0.694207
0.321057
0.888988
0.256780
0.984571
0.870429
0.218691
0.124018
0.093871
0.433108
0.136004
0.962262
0.764895
0.672116
0.518859
0.662493
0.819158
0.581224
0.739737
0.782886
0.827060
0.401635
0.168770
0.098231
0.379792
0.615931
0.453061
0.334740
0.041149
0.681779
0.342765
0.735357
0.002836
0.231754
0.992137
0.987407
0.102183
0.210828
0.111425
0.196054
0.643936
0.247429
0.158316
0.408831
0.919545
0.677175
0.071324
0.738702
0.258398
0.811061
0.521588
0.085458
0.212696
0.690359
0.183689
0.592488
0.306289
0.636750
0.927229
0.347439
0.318529
0.269994
0.082795
0.321365
0.501748
0.074932
0.308773
0.603930
0.285760
0.420198
0.799984
0.929696
0.667627
0.958300
0.338527
0.587172
0.635475
0.409850
0.325874
0.893873
0.220911
0.847462
0.979331
0.433607
0.537821
0.163020
0.026096
0.844110
0.799770
0.953324
0.191549
0.118299
0.223319
0.274344
0.439665
0.725066
0.349277
0.748437
0.328997
0.635037
0.168635
0.128981
0.564733
0.836262
0.087281
0.903260
0.423434
0.722756
0.313110
0.749308
0.616629
0.534021
0.596770
0.595960
0.967628
0.134591
0.758981
0.993724
0.978702
0.558751
0.947048
0.170251
0.677050
0.170367
0.444595
0.116715
0.895433
0.793872
0.865152
0.224430
0.428909
0.033787
0.353411
0.993642
0.870050
0.440693
0.896901
0.293483
0.163449
0.210011
0.042791
0.780078
0.744032
0.639562
0.376038
0.711660
0.774153
0.135019
0.705384
0.752855
0.693769
0.652432
0.923106
0.370819
0.822799
0.367701
0.487534
0.718232
0.161573
0.352686
0.942662
0.590482
0.386474
0.296073
0.584124
0.256523
0.736766
0.481025
0.550007
0.900215
0.691036
0.592798
0.680292
0.435067
0.232360
0.056331
0.146727
0.006513
0.191349
0.852111
0.759368
0.885119
0.504543
0.682473
0.255938
0.327342
0.050174
0.743472
0.045574
0.211747
0.096158
0.988236
0.802229
0.482631
0.284309
0.386353
0.739155
0.021075
0.867377
0.289161
0.921289
0.558413
0.881959
0.601582
0.993480
0.114319
0.657912
0.140208
0.120831
0.849262
0.992319
0.880199
0.734380
0.496862
0.562672
0.990318
0.824204
0.612847
0.733790
0.869777
0.824594
0.829948
0.858013
0.626823
0.312579
0.142322
0.013176
0.051734
0.163397
0.880553
0.340895
0.084686
0.438966
0.222854
0.686268
0.432446
0.337173
0.344181
0.572654
0.458004
0.193442
0.564973
0.338203
0.927823
0.061835
0.900876
0.918141
0.886039
0.513722
0.651931
0.755816
0.338316
0.481879
0.613829
0.965139
0.794458
0.756151
0.978315
0.846192
0.919548
0.858868
0.187087
0.004235
0.297834
0.409942
0.690503
0.730280
0.747115
0.034684
0.302934
0.205119
0.228126
0.867907
0.543323
0.155949
0.929741
0.444198
0.074090
0.815780
0.957921
0.726021
0.571596
0.296237
0.207900
0.185425
0.261376
0.002358
0.941576
0.239691
0.848550
0.861125
0.098559
0.035638
0.865359
0.396392
0.445579
0.555862
0.126672
0.192694
0.590546
0.429606
0.397813
0.818672
0.297512
0.941135
0.974621
0.227254
0.385334
0.048711
0.043034
0.343254
0.774731
0.614630
0.639491
0.982631
0.800055
0.900868
0.984989
0.741631
0.140559
0.833539
0.602756
0.239118
0.869177
0.468115
0.635510
0.314756
0.023978
0.762182
0.507449
0.614524
0.191788
0.905262
0.433196
0.489301
0.846397
0.407817
0.716555
0.231731
0.456527
0.759588
0.574985
0.231259
0.374218
0.214477
0.213890
0.174272
0.115344
0.198879
0.915904
0.255903
0.032418
0.518659
0.495021
0.901595
0.986775
0.130531
0.216350
0.010752
0.892713
0.723800
0.625276
0.084502
0.629062
0.058472
0.573802
0.475459
0.466289
0.290357
0.707190
0.922817
0.049945
0.282175
0.154075
0.424163
0.496652
0.367965
0.598435
0.611996
0.566844
0.514339
0.867899
0.599262
0.032998
0.362920
0.500856
0.019773
0.493451
0.717206
0.030526
0.386165
0.441006
0.655802
0.470666
0.070068
0.714274
0.044469
0.545527
0.180563
0.334825
0.252718
0.103380
0.384771
0.534893
0.257455
0.808934
0.031545
0.625420
0.407369
0.643541
0.192264
0.921708
0.511440
0.791526
0.954706
0.874360
0.292382
0.974480
0.367811
0.009588
0.005005
0.753976
0.450595
0.660807
0.224642
0.520663
0.375082
0.269110
0.066190
0.555645
0.603936
0.318908
0.659025
0.988706
0.853801
0.916481
0.797640
0.885345
0.541901
0.205009
0.528886
0.734165
0.126717
0.040326
0.525691
0.081423
0.914686
0.818073
0.055903
0.282497
0.827662
0.060908
0.036473
0.278256
0.721716
0.261114
0.798919
0.096797
0.530225
0.865109
0.652442
0.134160
0.184017
0.311467
0.122867
0.037818
0.227948
0.920507
0.923163
0.769849
0.125516
0.452050
0.504014
0.252233
0.492376
0.029706
0.333656
0.407062
0.847779
0.389559
0.689559
0.675440
0.450467
0.726031
0.953697
0.172183
0.987146
0.752616
0.268980
0.517370
0.617725
0.921423
0.651531
0.801742
0.232890
0.774398
0.839560
0.460838
0.694905
0.762723
0.230687
0.820420
0.214773
0.734702
0.072653
0.707149
0.764407
0.406309
0.114211
0.612186
0.795868
0.803769
0.287627
0.246336
0.529801
0.241323
0.418519
0.516947
0.993939
0.687499
0.034317
0.611664
0.608922
0.685848
0.413406
0.841812
0.460246
0.252966
0.302650
0.155150
0.015690
0.533338
0.975571
0.230463
0.268039
0.048224
0.937611
0.032447
0.454533
0.051822
0.644633
0.250401
0.855591
0.932260
0.496737
0.385392
0.173583
0.915256
0.902339
0.167522
0.602755
0.936656
0.779186
0.211677
0.622504
0.192593
0.053488
0.082749
0.445559
0.356139
0.237900
0.461249
0.889476
0.213470
0.691712
0.157515
0.261694
0.629323
0.189962
0.716227
0.681145
0.834595
0.966628
0.536736
0.766855
0.463365
0.922129
0.940438
0.378620
0.824468
0.107960
0.981375
0.761124
0.887146
0.193052
0.383628
0.079739
0.246540
0.466377
0.525298
0.602679
0.704277
0.986547
0.492155
0.917747
0.678259
0.649670
0.179441
0.307582
0.839632
0.895667
0.988727
0.674228
0.862295
0.525463
0.441083
0.325660
0.447592
0.381521
0.704280
0.272060
0.489481
0.685655
0.033184
0.376627
0.878706
0.416812
0.456366
0.125246
0.883189
0.981664
0.727925
0.587466
0.968211
0.220080
0.505213
0.646470
0.869750
0.684654
0.954051
0.709382
0.580321
0.942778
0.383610
0.442616
0.468241
0.824693
0.768276
0.915833
0.206213
0.472556
0.187892
0.695694
0.158211
0.221076
0.072321
0.036917
0.637888
0.528687
0.162164
0.521077
0.510351
0.890089
0.108543
0.478562
0.110168
0.613756
0.125032
0.979918
0.298410
0.079083
0.689301
0.878731
0.021861
0.072911
0.321347
0.490102
0.897604
0.089623
0.405934
0.103817
0.562179
0.593827
0.799511
0.720390
0.814903
0.871832
0.757307
0.452791
0.400519
0.919471
0.973868
0.910870
0.809559
0.082411
0.389432
0.919728
0.696167
0.514464
0.899646
0.994577
0.593548
0.588947
0.873308
0.615409
0.661858
0.194655
0.105511
0.559461
0.284278
0.511445
0.663278
0.846458
0.105272
0.462789
0.566848
0.920175
0.334621
0.324155
0.372966
0.735140
0.243625
0.346834
0.646010
0.053185
0.429244
0.035442
0.972913
0.125411
0.549906
0.872559
0.119988
0.143454
0.461506
0.993295
0.758862
0.123363
0.187951
0.864373
0.682825
0.472229
0.375818
0.346103
0.318686
0.481090
0.808892
0.885534
0.401265
0.143513
0.209689
0.774230
0.878652
0.453314
0.121064
0.524662
0.506499
0.550308
0.560103
0.479412
0.675719
0.110009
0.351971
0.795707
0.253463
0.813477
0.789002
0.012325
0.936840
0.976953
0.876698
0.619665
0.449182
0.252516
0.965767
0.767868
0.733606
0.774659
0.653402
0.134870
0.918172
0.863091
0.909100
0.796824
0.316405
0.030164
0.321486
0.822904
0.580472
0.881589
0.302316
0.256192
0.991598
0.654287
0.051899
0.245061
0.467764
0.840901
0.257387
0.404604
0.817854
0.134085
0.024268
0.267036
0.386601
0.990036
0.034904
0.120206
0.764695
0.688306
0.255076
0.682867
0.551397
0.164177
0.479691
0.867803
0.194341
0.801176
0.690707
0.774814
0.682765
0.993023
0.031005
0.674364
0.647310
0.082904
0.919425
0.115073
0.923805
0.176812
0.519677
0.741659
0.310896
0.543946
0.008695
0.697497
0.533981
0.043599
0.817703
0.298676
0.731906
0.072779
0.981543
0.283303
0.236956
0.461234
0.151106
0.431297
0.262410
0.841813
0.206111
0.945175
0.834835
0.237116
0.619539
0.482145
0.320020
0.538964
0.597219
0.243825
0.715776
0.116896
0.985484
0.026672
0.660841
0.994180
0.724169
0.194823
0.037779
0.541872
0.493499
0.769685
0.614652
0.475042
0.052988
0.851608
0.936276
0.204094
0.282905
0.198686
0.045906
0.489016
0.143862
0.880742
0.726132
0.763401
0.362887
0.046152
0.302365
0.960106
0.289977
0.018140
0.077002
0.275461
0.044812
0.737843
0.269641
0.768981
0.932666
0.307419
0.310853
0.426165
0.077104
0.925505
0.901207
0.130092
0.777113
0.837484
0.334186
0.060018
0.036170
0.380092
0.549033
0.180032
0.260834
0.275165
0.943432
0.623721
0.321316
0.245797
0.583827
0.611293
0.263937
0.660829
0.886754
0.308749
0.398672
0.156395
0.077730
0.331338
0.463814
0.388583
0.757503
0.540918
0.314088
0.658710
0.671010
0.091201
0.496194
0.005196
0.151218
0.532364
0.385289
0.700251
0.712395
0.646123
0.975416
0.655827
0.269844
0.296732
0.901624
0.853670
0.908025
0.165561
0.514499
0.794779
0.474310
0.913171
0.951174
0.552040
0.244508
0.414988
0.940623
0.002011
