0.041471
0.355149
0.886644
0.569276
0.033283
0.848492
0.380951
0.068908
0.464449
0.292618
0.181384
0.380581
0.054408
0.875349
0.255848
0.497105
0.002562
0.114554
0.855676
0.462131
0.441794
0.278296
0.460592
0.418664
0.593561
0.647388
0.017591
0.114637
0.076689
0.618976
0.052522
0.418799
0.072955
0.901636
0.474117
0.823679
0.798816
0.780478
0.837573
0.434551
0.864028
0.307388
0.145214
0.431913
0.042834
0.233824
0.501989
0.849891
0.392083
0.984242
0.088499
0.146646
0.436981
0.420095
0.514652
0.314213
0.466166
0.988102
0.994658
0.562523
0.310673
0.291629
0.924190
0.281311
0.264629
0.348260
0.355883
0.086315
0.320033
0.894612
0.244600
0.234028
0.170282
0.198576
0.750824
0.869859
0.789505
0.011751
0.386489
0.305801
0.753930
0.819374
0.648779
0.679126
0.330510
0.117583
0.354557
0.507599
0.564810
0.520848
0.938236
0.127648
0.380711
0.621615
0.131673
0.175512
0.101394
0.265201
0.753249
0.885571
0.556777
0.011470
0.483676
0.143677
0.190049
0.373616
0.564236
0.551415
0.346904
0.337192
0.828080
0.573499
0.392820
0.934824
0.878636
0.554766
0.080797
0.811287
0.253833
0.973247
0.490376
0.743456
0.860135
0.221124
0.448039
0.672552
0.070176
0.742305
0.954139
0.458929
0.142244
0.560862
0.726253
0.122093
0.892059
0.226199
0.498129
0.272085
0.099483
0.327226
0.292506
0.823403
0.493417
0.695367
0.364078
0.378185
0.292456
0.187688
0.875167
0.608727
0.361615
0.624206
0.139957
0.769001
0.732464
0.478384
0.679313
0.405427
0.399032
0.614266
0.510058
0.228651
0.330907
0.543080
0.987262
0.555513
0.474030
0.240944
0.128338
0.235698
0.890247
0.384491
0.541835
0.855693
0.021434
0.403135
0.378982
0.241431
0.178169
0.064366
0.508747
0.872928
0.781116
0.373267
0.418382
0.648925
0.543281
0.780761
0.766792
0.900408
0.795873
0.963245
0.631174
0.130569
0.004509
0.240257
0.393325
0.937743
0.114456
0.051802
0.985477
0.805731
0.897052
0.801278
0.374100
0.636953
0.992972
0.821139
0.362885
0.796378
0.185986
0.040455
0.232713
0.543876
0.347211
0.061100
0.334468
0.710595
0.970243
0.880204
0.340885
0.148160
0.265274
0.323400
0.453108
0.658907
0.181053
0.412872
0.292106
0.933212
0.387992
0.641922
0.500733
0.861478
0.525434
0.866701
0.522233
0.485000
0.576143
0.158545
0.028585
0.372248
0.229991
0.834527
0.729730
0.262814
0.494877
0.760387
0.769940
0.493778
0.812106
0.065807
0.403044
0.089088
0.447341
0.930909
0.198700
0.431766
0.042978
0.324444
0.209376
0.085764
0.595531
0.239409
0.878876
0.039366
0.587580
0.045750
0.898878
0.723106
0.676979
0.789082
0.431662
0.834712
0.832759
0.155532
0.065844
0.058574
0.894109
0.342388
0.897190
0.370621
0.828489
0.673835
0.995750
0.241573
0.342214
0.496373
0.135815
0.303519
0.323928
0.406420
0.636757
0.610473
0.566975
0.385140
0.104335
0.312139
0.054302
0.229702
0.561446
0.726511
0.513980
0.355514
0.085827
0.537676
0.866594
0.138425
0.411743
0.580657
0.987555
0.529626
0.577493
0.959643
0.349912
0.744049
0.383629
0.610866
0.922132
0.453243
0.507717
0.409483
0.564959
0.610905
0.157791
0.772593
0.840451
0.465699
0.960476
0.379085
0.951227
0.238349
0.966961
0.651043
0.646109
0.037986
0.364349
0.491793
0.558742
0.976940
0.327043
0.596608
0.315259
0.060490
0.791943
0.859530
0.007301
0.618884
0.305146
0.988218
0.121344
0.212239
0.670388
0.060749
0.994226
0.628612
0.736498
0.158336
0.359825
0.301440
0.362266
0.493530
0.933581
0.649380
0.291970
0.507461
0.333837
0.135448
0.404086
0.698495
0.995612
0.622483
0.175714
0.970565
0.067524
0.258536
0.403129
0.508607
0.193851
0.764010
0.207300
0.645066
0.289546
0.811129
0.270563
0.662075
0.614276
0.863664
0.568575
0.088835
0.725881
0.841981
0.930664
0.925512
0.475904
0.873811
0.626694
0.068390
0.334347
0.828651
0.249796
0.593395
0.481932
0.091120
0.391524
0.450669
0.527089
0.023915
0.449754
0.998456
0.434031
0.963780
0.232768
0.530542
0.668231
0.916398
0.937118
0.344666
0.002707
0.479816
0.864827
0.883621
0.378180
0.279169
0.512098
0.552872
0.275303
0.306084
0.713607
0.832217
0.490565
0.938447
0.769260
0.464934
0.116589
0.115751
0.913088
0.035687
0.507466
0.778178
0.846278
0.145797
0.640516
0.563201
0.444395
0.952328
0.003398
0.534723
0.890968
0.074841
0.566159
0.229748
0.949229
0.102782
0.969577
0.061710
0.932054
0.855913
0.139371
0.496034
0.758119
0.416191
0.408697
0.504897
0.169724
0.519768
0.670780
0.535848
0.150659
0.022679
0.930085
0.719157
0.535691
0.020202
0.735892
0.127155
0.146320
0.796784
0.613271
0.486747
0.492054
0.195350
0.826385
0.334386
0.822137
0.259213
0.707324
0.098526
0.288731
0.417309
0.980295
0.735809
0.100042
0.481690
0.385652
0.981652
0.789458
0.479851
0.588678
0.266598
0.536290
0.327840
0.360403
0.169672
0.775848
0.914823
0.713752
0.318956
0.527219
0.951811
0.079480
0.402278
0.115556
0.045699
0.527093
0.381875
0.869258
0.696565
0.962324
0.955264
0.092695
0.354912
0.477725
0.561174
0.086950
0.440706
0.604094
0.366573
0.207992
0.717030
0.160286
0.074049
0.786160
0.657022
0.856307
0.159863
0.482513
0.538009
0.645308
0.331628
0.548781
0.376247
0.216303
0.184505
0.326552
0.169536
0.095333
0.973200
0.499703
0.637165
0.340851
0.703456
0.079892
0.947885
0.868607
0.929009
0.569797
0.395066
0.771388
0.906755
0.518199
0.766005
0.724222
0.179011
0.787394
0.405678
0.193728
0.634055
0.264669
0.730878
0.364311
0.713747
0.155433
0.905674
0.148974
0.211884
0.263942
0.400479
0.594698
0.346299
0.292448
0.773995
0.494397
0.533544
0.839323
0.280339
0.785600
0.924905
0.093318
0.062228
0.738389
0.640001
0.533068
0.141812
0.645244
0.830757
0.104030
0.658791
0.129094
0.779610
0.341215
0.178222
0.004376
0.975110
0.996100
0.216318
0.847649
0.154034
0.535953
0.588103
0.656783
0.034442
0.495073
0.533075
0.681992
0.781146
0.110877
0.456783
0.743771
0.065158
0.483172
0.736203
0.464250
0.200383
0.086413
0.767584
0.074653
0.111650
0.537367
0.480896
0.721849
0.601440
0.297892
0.815579
0.129612
0.236091
0.351335
0.322992
0.305097
0.833603
0.496612
0.950909
0.230934
0.831761
0.286466
0.277040
0.584629
0.320111
0.940269
0.188872
0.131079
0.250063
0.282025
0.691217
0.678021
0.328850
0.411289
0.999992
0.206608
0.568504
0.566576
0.922673
0.238237
0.811157
0.457014
0.305420
0.592467
0.669488
0.859476
0.467529
0.327250
0.935250
0.242439
0.479751
0.478948
0.526494
0.899430
0.182385
0.695470
0.378954
0.421709
0.954813
0.228331
0.524286
0.533896
0.935180
0.056990
0.310614
0.696045
0.419890
0.050653
0.154910
0.655334
0.790162
0.370552
0.853517
0.544478
0.035901
0.997275
0.288075
0.375831
0.587793
0.859210
0.432522
0.787479
0.403030
0.805668
0.894824
0.852882
0.375314
0.841072
0.671866
0.822510
0.521333
0.292622
0.670273
0.589467
0.107192
0.534063
0.566126
0.623269
0.756146
0.119666
0.369163
0.294799
0.267126
0.139660
0.456880
0.254687
0.530354
0.571959
0.755330
0.668263
0.169966
0.692962
0.024730
0.568300
0.129340
0.602674
0.841184
0.220185
0.580748
0.594740
0.084671
0.571873
0.348969
0.086233
0.373131
0.316854
0.451466
0.343093
0.615003
0.023343
0.687777
0.977469
0.187218
0.584148
0.307921
0.815417
0.361323
0.475992
0.731384
0.882829
0.598590
0.048632
0.925918
0.255178
0.604711
0.103857
0.355289
0.200191
0.858749
0.911711
0.953816
0.069737
0.831346
0.587612
0.424767
0.715944
0.777995
0.062387
0.912213
0.942475
0.176518
0.302117
0.296741
0.347609
0.038868
0.678440
0.081743
0.610099
0.739500
0.201331
0.878422
0.369361
0.722781
0.864600
0.049996
0.883681
0.469511
0.162774
0.163662
0.330924
0.576270
0.853517
0.232401
0.544270
0.376733
0.154559
0.593692
0.472125
0.852248
0.646271
0.796671
0.479965
0.998270
0.648327
0.777746
0.425392
0.269708
0.392436
0.403674
0.042922
0.511512
0.687865
0.941342
0.994724
0.712610
0.144997
0.175566
0.273827
0.602555
0.325412
0.773321
0.522553
0.426624
0.717936
0.940758
0.471824
0.465693
0.516057
0.095040
0.054891
0.041880
0.852677
0.967249
0.383865
0.750852
0.845956
0.094569
0.766400
0.253884
0.960696
0.929757
0.672579
0.877027
0.484443
0.489551
0.604962
0.975672
0.777249
0.283519
0.097037
0.543216
0.395375
0.176068
0.311920
0.520865
0.743663
0.452137
0.111981
0.239252
0.928989
0.236082
0.202413
0.680657
0.638064
0.458500
0.892816
0.786968
0.235525
0.004887
0.348937
0.228372
0.572950
0.055249
0.552296
0.548535
0.533517
0.112204
0.260268
0.754958
0.879793
0.731811
0.854225
0.642413
0.272442
0.056232
0.514648
0.391354
0.138486
0.868026
0.819225
0.921073
0.409651
0.487372
0.834894
0.090280
0.712031
0.592961
0.520040
0.728792
0.224104
0.354912
0.349589
0.781084
0.704648
0.672575
0.233400
0.920642
0.846504
0.271254
0.949851
0.762088
0.439776
0.837141
0.596595
0.990580
0.075328
0.365487
0.252411
0.874585
0.100035
0.747987
0.739513
0.484264
0.469612
0.530452
0.757062
0.861474
0.436649
0.002628
0.288203
0.517477
0.045363
0.221449
0.826819
0.566122
0.111932
0.697649
0.243915
0.597235
0.028861
0.488644
0.738672
0.218722
0.765933
0.976901
0.842206
0.437176
0.127298
0.164983
0.424816
0.006833
0.659019
0.120888
0.876705
0.396081
0.209469
0.073930
0.850939
0.977145
0.455177
0.573237
0.848801
0.327233
0.229980
0.383863
0.355001
0.255328
0.782493
0.180409
0.046313
0.409065
0.757308
0.829715
0.845007
0.569118
0.978948
0.916704
0.819561
0.814818
0.067457
0.002296
0.626166
0.598087
0.038947
0.825451
0.353680
0.833103
0.337649
0.718257
0.952072
0.494271
0.918091
0.072334
0.284231
0.783764
0.954794
0.152324
0.631682
0.175359
0.963765
0.043214
0.822769
0.059740
0.583839
0.240076
0.597568
0.635262
0.269864
0.320933
0.603287
0.184385
0.066521
0.875861
0.210493
0.109363
0.397922
0.429850
0.038249
0.560770
0.715668
0.455015
0.273083
0.087963
0.971988
0.209389
0.583931
0.050408
0.761144
0.347820
0.985796
0.638837
0.350156
0.942523
0.475677
0.533458
0.355942
0.540697
0.722984
0.172668
0.210681
0.440311
0.045942
0.094095
0.460631
0.356044
0.889697
0.459510
0.495335
0.035419
0.640534
0.026347
0.647874
0.778198
0.505282
0.801113
0.875081
0.311117
0.159630
0.181762
0.725334
0.776143
0.973025
0.666137
0.798002
0.844297
0.338480
0.636494
0.279037
0.989091
0.939326
0.340424
0.632694
0.862079
0.122674
0.875110
0.475432
0.813335
0.348331
0.575753
0.531021
0.854670
0.573044
0.334020
0.915794
0.823648
0.858695
0.896017
0.246730
0.070465
0.548983
0.407618
0.422513
0.566693
0.506295
0.039321
0.010067
0.757015
0.916658
0.768032
0.300230
0.452576
0.565495
0.271681
0.433213
0.172765
0.365447
0.486693
0.349836
0.303207
0.922559
0.738913
0.606940
0.099682
0.551161
0.877170
0.901359
0.482421
0.516374
0.249949
0.753610
0.576340
0.125757
0.824374
0.238884
0.875580
0.773784
0.943562
0.141930
0.285545
0.142440
0.012843
0.349333
0.717403
0.388735
0.796542
0.113589
0.705322
0.058434
0.522762
0.401511
0.617241
0.908864
0.883321
0.640294
0.730943
0.032439
0.446140
0.454468
0.573797
0.054076
0.648915
0.934655
0.037052
0.780482
0.403828
0.782670
0.690790
0.071752
0.067485
0.963535
0.902340
0.896745
0.296081
0.817752
0.850492
0.190845
0.952397
0.840472
0.913504
0.694253
0.584231
0.200679
0.452460
0.222896
0.152281
0.971559
0.713168
0.823248
0.756269
0.086025
0.866595
0.746892
0.661570
0.647684
0.485715
0.579490
0.711681
0.573076
0.235428
0.766222
0.128992
0.226079
0.954227
0.609517
0.009702
0.005272
0.787073
0.307502
0.407031
0.999165
0.778157
0.328237
0.850084
0.796158
0.389354
0.781954
0.945515
0.593207
0.548276
0.566992
0.735380
0.920034
0.867847
0.240389
0.685343
0.688425
0.829125
0.819122
0.231495
0.301670
0.795870
0.843087
0.669400
0.229037
0.131516
0.386537
0.999373
0.757096
0.967208
0.036741
0.964859
0.529720
0.059559
0.404461
0.360583
0.317280
0.056505
0.523773
0.312292
0.970337
0.064901
0.331363
0.689758
0.007933
0.526277
0.930134
0.907929
0.288785
0.891826
0.948546
0.760616
0.123906
0.881501
0.702802
0.816847
0.355151
0.704252
0.863521
0.590055
0.851063
0.683285
0.051581
0.485671
0.045113
0.134369
0.114023
0.301354
0.752867
0.992336
0.332051
0.742350
0.288134
0.300766
0.470003
0.803779
0.828371
0.473913
0.648334
0.640419
0.341994
0.701604
0.479867
0.800689
0.545569
0.417311
0.232761
0.347072
0.464493
0.448547
0.889288
0.637780
0.377308
0.159452
0.469883
0.353714
0.945314
0.358707
0.895246
0.307799
0.588701
0.070003
0.494056
0.148992
0.335580
0.523821
0.517495
0.144973
0.880168
0.371415
0.259133
0.885314
0.951564
0.937749
0.644559
0.617563
0.274072
0.846846
0.682959
0.246903
0.987225
0.793213
0.302649
0.892839
0.723236
0.263721
0.868010
0.481414
0.462643
0.706940
0.522107
0.496843
0.701152
0.629089
0.429646
0.438405
0.179184
0.169480
0.554266
0.213709
0.519224
0.729945
0.731186
0.474510
0.897667
0.645216
0.334721
0.240253
0.208659
0.922898
0.629871
0.316805
0.776912
0.312841
0.817432
0.013920
0.166027
0.141763
0.422542
0.471005
0.994095
0.513917
0.527314
0.735438
0.767377
0.052779
0.030047
0.878366
0.767217
0.250865
0.543019
0.162902
0.840461
0.306880
0.036670
0.927498
0.624580
0.462637
0.681923
0.491096
0.813055
0.277670
0.201746
0.362197
0.071862
0.148174
0.605052
0.608524
0.300352
0.103079
0.487710
0.448339
0.498882
0.166654
0.187093
0.327575
0.640879
0.157052
0.754460
0.200321
0.745500
0.933014
0.925767
0.564218
0.155249
0.735530
0.232558
0.270915
0.313238
0.041450
0.946646
0.841883
0.004829
0.637230
0.101284
0.468853
0.888110
0.964108
0.305368
0.212245
0.787817
0.519794
0.856514
0.296861
0.007487
0.175486
0.128433
0.507207
0.468858
0.767849
0.604499
0.724309
0.060293
0.538218
0.722302
0.767793
0.410222
0.882146
0.454482
0.440465
0.881548
0.724375
0.810830
0.145741
0.366339
0.573908
0.237302
0.244630
0.560000
0.488781
0.243218
0.611128
0.112304
0.603262
0.380861
0.452589
0.993933
0.133325
0.377973
0.196735
0.357459
0.464644
0.242600
0.751620
0.529922
0.299807
0.829068
0.527929
0.278534
0.535365
0.738889
0.770652
0.355029
0.302851
0.759859
0.092392
0.874359
0.343061
0.743128
0.634561
0.506142
0.601087
0.530526
0.406762
0.833057
0.190272
0.930996
0.049162
0.678095
0.195768
0.798916
0.844997
0.798656
0.902494
0.908130
0.345485
0.514368
0.243846
0.061848
0.246908
0.334391
0.063185
0.203943
0.111694
0.089288
0.896586
0.625980
0.151828
0.817191
0.365199
0.430412
0.518973
0.231967
0.099921
0.529596
0.354049
0.763551
0.689098
0.179852
0.913909
0.087036
0.498148
0.992244
0.367979
0.527846
0.379976
0.269854
0.711848
0.949804
0.045569
0.246054
0.885648
0.027536
0.875663
0.541721
0.115000
0.492085
0.298956
0.687442
0.474732
0.026027
0.771739
0.230840
0.635298
0.085034
0.109644
0.063177
0.709182
0.736759
0.325759
0.390092
0.016794
0.704013
0.443993
0.604713
0.714019
0.151888
0.188172
0.534722
0.141339
0.053594
0.517541
0.418826
0.784987
0.491686
0.080644
0.666861
0.742423
0.606286
0.945891
0.235971
0.502552
0.517373
0.511274
0.119554
0.427247
0.543997
0.532981
0.103380
0.991954
0.524462
0.090996
0.708350
0.080537
0.651552
0.026106
0.918220
0.479780
0.898960
0.710481
0.055682
0.988158
0.025450
0.586384
0.455948
0.125826
0.676662
0.775319
0.164220
0.449651
0.577503
0.783748
0.570937
0.456443
0.951540
0.175782
0.556416
0.637438
0.951829
0.602970
0.582813
0.415822
0.192992
0.622672
0.785400
0.332728
0.290760
0.577718
0.673380
0.476707
0.698179
0.393478
0.550763
0.195482
0.914022
0.162329
0.066229
0.302384
0.646114
0.261638
0.598608
0.234528
0.953144
0.325394
0.807721
0.351664
0.133005
0.708161
0.714569
0.104058
0.479597
0.424001
0.353092
0.459861
0.366982
0.859853
0.271204
0.891795
0.299342
0.167227
0.972156
0.412309
0.881163
0.929483
0.752748
0.264983
0.628515
0.909574
0.410543
0.777535
0.272190
0.493115
0.674837
0.770502
0.105503
0.487560
0.268337
0.580840
0.133229
0.640075
0.205435
0.308906
0.374490
0.755278
0.911133
0.209034
0.508837
0.081744
0.819552
0.021600
0.855118
0.292260
0.745335
0.095507
0.272259
0.028338
0.628729
0.701945
0.157561
0.406121
0.225158
0.886863
0.884351
0.892459
0.681689
0.357544
0.407583
0.100144
0.016064
0.288575
0.557751
0.029028
0.011311
0.879090
0.387645
0.448107
0.269510
0.360692
0.803396
0.417175
0.223629
0.077875
0.272174
0.551860
0.012442
0.926177
0.321405
0.826854
0.144469
0.431812
0.095004
0.359201
0.111268
0.235554
0.624520
0.959853
0.599099
0.949841
0.112222
0.102307
0.208669
0.989062
0.472511
0.670327
0.461602
0.233980
0.435568
0.335875
0.295594
0.118120
0.220629
0.826750
0.014357
0.055625
0.502413
0.367164
0.576054
0.450488
0.817320
0.821020
0.893399
0.129463
0.888411
0.281513
0.544322
0.301358
0.512474
0.776770
0.044087
0.426648
0.026758
0.053088
0.494699
0.824101
0.711622
0.618864
0.779806
0.630017
0.505372
0.701464
0.336413
0.630849
0.411523
0.692790
0.530278
0.426397
0.748313
0.072079
0.848182
0.893943
0.030381
0.150895
0.384947
0.620950
0.140415
0.487664
0.964055
0.082062
0.618455
0.617320
0.505307
0.309174
0.082008
0.318509
0.842777
0.366433
0.508342
0.048309
0.616352
0.717843
0.054246
0.961972
0.071872
0.795468
0.825551
0.692398
0.822406
0.963889
0.188925
0.345698
0.328149
0.166659
0.012124
0.249491
0.499709
0.903194
0.947609
0.597010
0.933458
0.575409
0.140183
0.133086
0.863294
0.412814
0.100156
0.768096
0.783067
0.653410
0.427436
0.721496
0.253433
0.077493
0.155648
0.559771
0.085330
0.557876
0.669807
0.243529
0.242931
0.856940
0.431251
0.294015
0.611890
0.397001
0.898840
0.617115
0.455019
0.360163
0.929556
0.096656
0.436873
0.090389
0.190290
0.599870
0.731943
0.686665
0.232131
0.151409
0.097908
0.499064
0.076373
0.083268
0.597241
0.773940
0.173136
0.880160
0.452888
0.561125
0.448402
0.357650
0.145808
0.244127
0.946622
0.865184
0.396813
0.440350
0.612909
0.369509
0.070314
0.644879
0.189862
0.142135
0.592087
0.730006
0.155764
0.601302
0.753285
0.843845
0.024390
0.392829
0.448226
0.266954
0.932281
0.041449
0.368396
0.086260
0.075201
0.788107
0.786103
0.517591
0.340221
0.399802
0.940460
0.908817
0.170057
0.120994
0.201977
0.025915
0.962316
0.081494
0.028329
0.992683
0.116691
0.992440
0.349936
0.344942
0.578761
0.804677
0.866536
0.788727
0.964080
0.840822
0.685907
0.431615
0.119396
0.117646
0.512625
0.379535
0.506482
0.679569
0.416387
0.057157
0.001681
0.190420
0.532188
0.197045
0.305984
0.060982
0.487954
0.549215
0.326260
0.847417
0.105371
0.216813
0.174182
0.327414
0.021453
0.835059
0.572910
0.101540
0.209678
0.861404
0.897540
0.003992
0.612376
0.842086
0.810769
0.031051
0.882465
0.871495
0.677710
0.717497
0.048013
0.670941
0.776700
0.897477
0.230318
0.081208
0.511128
0.008032
0.121135
0.176696
0.022134
0.762818
0.615563
0.754550
0.507192
0.894944
0.752864
0.653862
0.699478
0.099391
0.715004
0.443858
0.289945
0.865639
0.013028
0.542880
0.486247
0.725593
0.132414
0.384419
0.199105
0.624486
0.331502
0.096855
0.818019
0.725314
0.899948
0.853049
0.592649
0.239884
0.971448
0.809477
0.516788
0.708944
0.140496
0.318634
0.138305
0.352371
0.614696
0.624757
0.481946
0.901267
0.326577
0.047823
0.930642
0.988063
0.762966
0.741596
0.649547
0.619232
0.035070
0.096166
0.427006
0.359092
0.989278
0.135584
0.523323
0.052445
0.575998
0.686631
0.624229
0.360239
0.704139
0.172717
0.474917
0.751234
0.320304
0.320431
0.103986
0.285665
0.490226
0.199614
0.315096
0.163249
0.791896
0.131679
0.170663
0.671812
0.376723
0.934942
0.965702
0.504074
0.646223
0.819156
0.381965
0.323927
0.780627
0.275387
0.860654
0.112424
0.717329
0.299598
0.219470
0.181085
0.357158
0.222608
0.528667
0.595642
0.743961
0.077612
0.882260
0.648130
0.574836
0.977474
0.019292
0.492186
0.527835
0.296903
0.471201
0.427451
0.100596
0.456338
0.998749
0.374054
0.401407
0.462774
0.882081
0.439955
0.411782
0.658217
0.291683
0.029510
0.171294
0.936508
0.506235
0.237634
0.353313
0.381940
0.919155
0.708921
0.828849
0.161200
0.354103
0.982395
0.023551
0.496862
0.894514
0.744344
0.343254
0.162444
0.629366
0.844617
0.264532
0.887862
0.088661
0.268335
0.889659
0.834714
0.543454
0.427663
0.145556
0.988819
0.986960
0.311274
0.898268
0.254176
0.616634
0.338953
0.803073
0.928149
0.423102
0.116781
0.170387
0.938022
0.402083
0.586118
0.986991
0.499216
0.867137
0.434006
0.362269
0.281292
0.035691
0.889999
0.732078
0.650589
0.913867
0.411572
0.978417
0.157856
0.377553
0.783063
0.363206
0.104941
0.319544
0.905281
0.116329
0.569322
0.603212
0.021072
0.751051
0.216251
0.533453
0.873044
0.173047
0.835545
0.446656
0.993370
0.974905
0.258398
0.277853
0.395540
0.892752
0.805179
0.022819
0.277751
0.220563
0.765123
0.323001
0.872616
0.571822
0.798172
0.334729
0.544698
0.533021
0.619242
0.708641
0.917548
0.815285
0.005063
0.507956
0.075013
0.922485
0.583826
0.932080
0.140292
0.044010
0.089887
0.271294
0.563137
0.223814
0.531177
0.880766
0.165335
0.190060
0.977762
0.806191
0.895910
0.012041
0.477587
0.165162
0.646590
0.720040
0.720244
0.191898
0.668024
0.767863
0.200058
0.882155
0.629442
0.446980
0.842725
0.891691
0.516362
0.300565
0.176378
0.284096
0.667726
0.417156
0.803679
0.390435
0.401236
0.367259
0.169271
0.972606
0.967325
0.131190
0.270392
0.280841
0.174577
0.429189
0.209839
0.163115
0.009058
0.467912
0.731574
0.468069
0.445260
0.863204
0.604056
0.297259
0.389792
0.724381
0.192716
0.311160
0.380277
0.576445
0.183760
0.869948
0.052165
0.534089
0.706157
0.969602
0.691685
0.041675
0.992179
0.510521
0.727891
0.914681
0.351731
0.213619
0.929535
0.709316
0.716077
0.958876
0.905624
0.287897
0.573762
0.208480
0.055255
0.718143
0.494403
0.773828
0.280798
0.208029
0.866681
0.637031
0.095523
0.425918
0.498165
0.364428
0.558796
0.787427
0.019923
0.947967
0.613236
0.007907
0.642501
0.244909
0.729812
0.448941
0.615915
0.160270
0.791321
0.225145
0.420618
0.283364
0.101280
0.448129
0.532389
0.409316
0.797053
0.190004
0.361997
0.593829
0.093529
0.727780
0.133612
0.406548
0.972508
0.329655
0.842417
0.069592
0.798606
0.049382
0.769888
0.573359
0.467703
0.095420
0.701421
0.015516
0.486648
0.730731
0.908035
0.809882
0.661416
0.883256
0.758763
0.389221
0.222756
0.791758
0.505542
0.161161
0.948621
0.229916
0.598877
0.149031
0.608160
0.109875
0.060725
0.433217
0.557005
0.274508
0.655316
0.498037
0.852052
0.487250
0.976988
0.788970
0.018616
0.367348
0.850680
0.955263
0.411825
0.128404
0.914881
0.432672
0.565034
0.070730
0.338980
0.592540
0.623168
0.936406
0.693415
0.842815
0.614522
0.607413
0.970520
0.312002
0.741735
0.320445
0.481348
0.781449
0.495257
0.278087
0.627977
0.396979
0.072343
0.631057
0.862092
0.784062
0.764317
0.653536
0.406982
0.436479
0.870433
0.623723
0.129021
0.951362
0.161475
0.098340
0.354496
0.553113
0.630596
0.280361
0.345221
0.439698
0.171207
0.510266
0.768877
0.688776
0.590407
0.955120
0.564364
0.913395
0.280300
0.293057
0.348646
0.519408
0.436402
0.961720
0.879424
0.953830
0.838475
0.940341
0.695906
0.975603
0.403156
0.107585
0.040253
0.362633
0.173066
0.826047
0.874690
0.949591
0.331110
0.364468
0.489364
0.877004
0.037654
0.740190
0.673389
0.427657
0.958116
0.829128
0.954089
0.613298
0.099813
0.762280
0.120106
0.609694
0.192765
0.748741
0.231453
0.479377
0.432853
0.787787
0.519782
0.031994
0.432009
0.760080
0.378839
0.461354
0.833671
0.370480
0.021374
0.117461
0.023210
0.227985
0.608788
0.203275
0.751635
0.927256
0.157797
0.401372
0.487109
0.369098
0.660636
0.461537
0.534080
0.998373
0.464108
0.124052
0.726946
0.504241
0.935316
0.453023
0.845150
0.631479
0.844002
0.914730
0.603743
0.289878
0.434492
0.871254
0.970644
0.754037
0.338893
0.748423
0.210611
0.334245
0.322601
0.927313
0.075637
0.925370
0.877884
0.420287
0.921679
0.042695
0.244874
0.062295
0.493330
0.002089
0.712624
0.351879
0.424097
0.864593
0.126391
0.054640
0.280821
0.648934
0.073712
0.158896
0.194364
0.614610
0.290885
0.193835
0.077496
0.280761
0.552053
0.101983
0.264796
0.363094
0.324189
0.223719
0.987055
0.492079
0.159080
0.909735
0.786740
0.034969
0.716716
0.325312
0.862846
0.041941
0.214477
0.804551
0.676757
0.957486
0.701377
0.189253
0.070046
0.417470
0.390419
0.183258
0.410596
0.363319
0.235260
0.103918
0.250051
0.225714
0.132890
0.236373
0.899258
0.445733
0.099518
0.847668
0.182261
0.262378
0.997752
0.175124
0.829463
0.677484
0.044500
0.793357
0.965994
0.776890
0.030596
0.403868
0.854192
0.082946
0.279381
0.513545
0.202907
0.737886
0.301741
0.305067
0.111184
0.955351
0.941486
0.319641
0.315531
0.062044
0.795555
0.415320
0.367074
0.750335
0.412771
0.536643
0.384329
0.953579
0.419520
0.611613
0.207344
0.251212
0.536573
0.029423
0.506652
0.998854
0.909898
0.093975
0.634031
0.809448
0.133769
0.809903
0.575735
0.733007
0.586785
0.248255
0.672765
0.801804
0.955012
0.447919
0.342571
0.434522
0.139093
0.823358
0.237653
0.794749
0.031289
0.331601
0.649267
0.403804
0.206827
0.265680
0.831574
0.441082
0.123629
0.385865
0.226645
0.555867
0.467505
0.595591
0.749573
0.063218
0.346431
0.174947
0.281771
0.253690
0.338958
0.210340
0.669641
0.671871
0.664952
0.991453
0.085898
0.087379
0.819255
0.519179
0.981900
0.238705
0.621197
0.778642
0.114845
0.836632
0.209684
0.065574
0.845385
0.672744
0.933518
0.854352
0.991112
0.811304
0.910520
0.038331
0.257956
0.915826
0.186888
0.352913
0.667591
0.469879
0.970117
0.837945
0.745235
0.356940
0.664511
0.753847
0.712327
0.359205
0.213662
0.257597
0.729714
0.251212
0.600733
0.893121
0.965010
0.026082
0.141912
0.157884
0.746742
0.842005
0.298025
0.105914
0.076975
0.121729
0.278506
0.805262
0.617822
0.903074
0.013932
0.617987
0.185116
0.685436
0.956893
0.744722
0.405862
0.604824
0.095455
0.590082
0.447909
0.882599
0.151748
0.985071
0.633779
0.698606
0.072673
0.720989
0.669636
0.060526
0.051542
0.389426
0.916183
0.929839
0.536307
0.812563
0.880336
0.018131
0.031211
0.537398
0.439765
0.752244
0.092823
0.646618
0.099065
0.407057
0.315316
0.229703
0.755044
0.986793
0.515030
0.787666
0.687299
0.365677
0.807871
0.647661
0.583653
0.688520
0.683250
0.237482
0.411739
0.257565
0.164384
0.048382
0.839395
0.073733
0.563959
0.190407
0.971209
0.937577
0.626909
0.478968
0.245999
0.020826
0.450067
0.632786
0.976040
0.795146
0.319805
0.305063
0.737711
0.132781
0.277938
0.860481
0.246088
0.242629
0.497765
0.595149
0.223302
0.065474
0.359145
0.516056
0.793770
0.356672
0.253144
0.322580
0.638715
0.765506
0.893361
0.993488
0.003465
0.550201
0.112664
0.936853
0.043593
0.882953
0.087718
0.633928
0.316730
0.455927
0.356583
0.756409
0.788186
0.729853
0.441890
0.170386
0.157969
0.902403
0.998840
0.670579
0.983096
0.295536
0.123954
0.262120
0.066706
0.790857
0.757152
0.604306
0.097825
0.131070
0.697527
0.800663
0.990679
0.380239
0.906195
0.612141
0.381030
0.300580
0.004719
0.810176
0.172880
0.449412
0.396182
0.801376
0.394846
0.618482
0.642670
0.625378
0.469010
0.172406
0.406144
0.153321
0.709474
0.198555
0.882685
0.828569
0.827064
0.635323
0.857651
0.591875
0.969063
0.686744
0.545580
0.536251
0.038996
0.960010
0.911434
0.274298
0.349182
0.140804
0.459340
0.477670
0.645206
0.358130
0.417818
0.219115
0.380504
0.544655
0.336946
0.226388
0.385386
0.220084
0.883804
0.086019
0.025287
0.584290
0.591598
0.874276
0.067645
0.029357
0.351286
0.002496
0.669730
0.898568
0.225261
0.688807
0.249215
0.817919
0.669219
0.152296
0.407954
0.895532
0.092701
0.644667
0.909559
0.305195
0.050692
0.526552
0.277432
0.640278
0.841476
0.266414
0.135174
0.331560
0.941592
0.990556
0.062743
0.749749
0.925851
0.658693
0.977632
0.233956
0.430158
0.235970
0.549959
0.597387
0.067060
0.208193
0.838705
0.627816
0.727821
0.546674
0.979909
0.120226
0.612292
0.365665
0.685542
0.622613
0.703431
0.205428
0.768881
0.235267
0.870999
0.811252
0.387586
0.541594
0.263831
0.617041
0.350971
0.391473
0.397240
0.345904
0.471420
0.203947
0.779454
0.747902
0.706675
0.722835
0.004573
0.390596
0.508717
0.086759
0.671396
0.242536
0.920406
0.317296
0.798873
0.050679
0.695327
0.436248
0.478870
0.592074
0.011126
0.607026
0.191026
0.150711
0.027676
0.085752
0.941979
0.947328
0.493273
0.977054
0.744574
0.267254
0.749041
0.969390
0.676201
0.576149
0.392071
0.128538
0.176146
0.043613
0.817699
0.169798
0.342449
0.256055
0.227915
0.056900
0.793691
0.133614
0.512917
0.410470
0.418345
0.547669
0.405469
0.182769
0.030281
0.975681
0.104720
0.359378
0.686982
0.580806
0.017903
0.742848
0.022894
0.607084
0.464807
0.272264
0.605603
0.856896
0.154680
0.675101
0.461772
0.332392
0.456760
0.177323
0.750137
0.403116
0.193161
0.913963
0.699136
0.061598
0.411817
0.168139
0.878233
0.947568
0.558913
0.742548
0.474154
0.858453
0.254821
0.350242
0.725521
0.398562
0.112213
0.889368
0.337110
0.920248
0.911045
0.915103
0.789320
0.688374
0.287366
0.048069
0.302873
0.508539
0.842390
0.054562
0.548170
0.516377
0.873145
0.317612
0.911375
0.066250
0.950377
0.441990
0.488655
0.649286
0.666430
0.014242
0.551175
0.532049
0.307107
0.601870
0.814900
0.058411
0.221770
0.642087
0.239610
0.925384
0.614511
0.096312
0.059160
0.790423
0.338168
0.005269
0.300265
0.065546
0.355673
0.718817
0.671354
0.086431
0.281659
0.168412
0.812942
0.165624
0.668449
0.810073
0.239782
0.624006
0.976987
0.849900
0.774793
0.058774
0.303711
0.324505
0.179567
0.090667
0.699893
0.246854
0.656935
0.544647
0.006301
0.101057
0.619340
0.899317
0.946257
0.060425
0.307367
0.042756
0.985408
0.806679
0.592998
0.626025
0.074172
0.750380
0.820274
0.952303
0.956540
0.072768
0.924992
0.490199
0.618290
0.084058
0.946277
0.508658
0.095706
0.886987
0.973169
0.054145
0.376769
0.597976
0.262413
0.376381
0.040937
0.875421
0.779150
0.698380
0.693538
0.071988
0.876488
0.092446
0.526540
0.771768
0.454154
0.647870
0.103296
0.640707
0.212406
0.774932
0.401053
0.015761
0.109256
0.299827
0.671533
0.170651
0.305839
0.172803
0.658529
0.736187
0.459923
0.206505
0.573909
0.824550
0.334807
0.145618
0.132403
0.074312
0.669724
0.612178
0.973662
0.630664
0.675631
0.635102
0.280845
0.067015
0.641481
0.107539
0.105897
0.848960
0.111661
0.295050
0.414891
0.580438
0.091519
0.619665
0.335529
0.544950
0.420729
0.621396
0.883139
0.665879
0.176122
0.987777
0.925394
0.323779
0.328553
0.072117
0.628783
0.668275
0.802771
0.005934
0.908427
0.185881
0.473397
0.051821
0.988168
0.923919
0.966613
0.222146
0.539480
0.030274
0.989579
0.832287
0.138834
0.000740
0.037670
0.585153
0.188139
0.267357
0.444202
0.601814
0.406071
0.033095
0.470664
0.644171
0.877395
0.498889
0.580770
0.751821
0.680316
0.169026
0.223886
0.753323
0.943218
0.266968
0.776394
0.459665
0.240700
0.086111
0.218045
0.175982
0.990194
0.650262
0.988471
0.143656
0.116557
0.944843
0.213668
0.111170
0.904707
0.038481
0.114305
0.538250
0.343412
0.000455
0.153548
0.680088
0.078963
0.930945
0.987853
0.930004
0.926425
0.201001
0.507056
0.787808
0.310226
0.850703
0.868904
0.605529
0.146689
0.710430
0.472733
0.423793
0.213872
0.831440
0.420155
0.096572
0.805536
0.760714
0.073276
0.647929
0.523156
0.813261
0.056494
0.596267
0.433036
0.720349
0.138293
0.765832
0.533910
0.430382
0.385249
0.324938
0.450449
0.268838
0.567913
0.657901
0.389504
0.631626
0.989797
0.610706
0.204782
0.244759
0.154430
0.147666
0.055908
0.299310
0.974445
0.886848
0.797234
0.778878
0.479708
0.422882
0.421659
0.532534
0.351773
0.312414
0.134804
0.957238
0.545547
0.433642
0.051904
0.785583
0.959616
0.024453
0.248932
0.200967
0.538457
0.650908
0.169945
0.085366
0.007876
0.142257
0.733270
0.935343
0.896142
0.671575
0.560952
0.538717
0.491720
0.217194
0.494017
0.801897
0.563716
0.201133
0.246682
0.052136
0.929909
0.014804
0.264061
0.223227
0.325944
0.624116
0.903327
0.123193
0.308166
0.707178
0.521198
0.288681
0.660537
0.806710
0.812567
0.685983
0.569216
0.195536
0.500285
0.379605
0.505071
0.437634
0.716013
0.831926
0.002569
0.721957
0.791989
0.776381
0.876267
0.338328
0.214701
0.435295
0.014914
0.217619
0.266637
0.487911
0.505559
0.222908
0.763149
0.434448
0.943984
0.812954
0.330040
0.155779
0.096880
0.965911
0.448854
0.114926
0.159662
0.083347
0.265586
0.211450
0.358573
0.422967
0.236559
0.801918
0.841000
0.145795
0.492686
0.757937
0.279879
0.273211
0.173229
0.994846
0.955682
0.322373
0.582830
0.242614
0.524631
0.192029
0.679258
0.930301
0.758112
0.492732
0.289940
0.246615
0.328670
0.984958
0.330406
0.524675
0.651113
0.975306
0.708705
0.209882
0.901804
0.021030
0.369477
0.788145
0.422830
0.766218
0.576245
0.132790
0.709064
0.478296
0.435331
0.535852
0.102231
0.717299
0.623670
0.345974
0.076240
0.493728
0.528738
0.939382
0.218392
0.655709
0.497946
0.073775
0.368153
0.711486
0.628448
0.770153
0.111906
0.362413
0.731555
0.121137
0.552189
0.394186
0.435276
0.098288
0.149439
0.164976
0.277688
0.196639
0.400127
0.323480
0.502553
0.039574
0.651843
0.963030
0.319109
0.796319
0.888388
0.124053
0.442698
0.062714
0.639809
0.671931
0.232854
0.690731
0.757048
0.060253
0.370500
0.799695
0.710252
0.833725
0.291252
0.635021
0.259220
0.599124
0.753020
0.870348
0.116084
0.767915
0.022482
0.279910
0.863681
0.276346
0.557480
0.358926
0.643715
0.730954
0.416964
0.590130
0.374507
0.212793
0.167701
0.879040
0.018740
0.819657
0.972520
0.234377
0.665481
0.636331
0.946624
0.306612
0.550017
0.968094
0.195862
0.492542
0.457258
0.843030
0.520206
0.604870
0.864937
0.322890
0.258638
0.535862
0.430909
0.501258
0.105835
0.888356
0.579773
0.597051
0.530319
0.754087
0.481145
0.879196
0.827279
0.344135
0.249421
0.515655
0.377216
0.499584
0.519090
0.382358
0.396000
0.110034
0.492553
0.739419
0.343174
0.761076
0.836155
0.088616
0.123329
0.805231
0.457210
0.337907
0.983181
0.823943
0.361452
0.701541
0.732568
0.034304
0.203801
0.771378
0.491121
0.844176
0.709739
0.915088
0.804361
0.626976
0.898589
0.996417
0.420043
0.688558
0.184318
0.303325
0.155611
0.233729
0.277100
0.628895
0.050192
0.377145
0.698371
0.137198
0.498858
0.240560
0.700211
0.860992
0.546847
0.119227
0.279675
0.760757
0.596778
0.991541
0.716422
0.262543
0.474081
0.060775
0.937711
0.909252
0.602374
0.915664
0.845540
0.812047
0.503740
0.104939
0.918968
0.101438
0.886078
0.549987
0.722062
0.452492
0.118424
0.418228
0.489103
0.829905
0.681196
0.743184
0.876862
0.629077
0.119056
0.626474
0.912088
0.572676
0.599778
0.709816
0.165334
0.440412
0.595826
0.569286
0.270046
0.300477
0.576245
0.942891
0.212459
0.888692
0.076528
0.694934
0.845350
0.413854
0.950431
0.177145
0.546487
0.176881
0.486556
0.964613
0.440959
0.596788
0.175286
0.053314
0.859948
0.714246
0.242681
0.357342
0.630903
0.663143
0.163879
0.298443
0.507248
0.386121
0.504348
0.131973
0.569476
0.393100
0.545737
0.239846
0.364119
0.995084
0.827675
0.707243
0.047641
0.799300
0.139366
0.614326
0.401061
0.986126
0.334136
0.886047
0.238649
0.567228
0.925097
0.172205
0.022797
0.719555
0.619821
0.354497
0.586727
0.480389
0.333926
0.654587
0.828491
0.359987
0.381048
0.461150
0.993392
0.523512
0.291355
0.661041
0.627654
0.018868
0.541928
0.244473
0.925805
0.725288
0.257250
0.922750
0.707915
0.946881
0.525693
0.683003
0.986036
0.359890
0.976770
0.859472
0.727553
0.200832
0.633808
0.613206
0.619415
0.986362
0.368634
0.594721
0.024611
0.039352
0.100093
0.200227
0.863267
0.380567
0.413169
0.588726
0.926107
0.967239
0.956596
0.819982
0.282686
0.601958
0.700547
0.286370
0.306306
0.286048
0.908601
0.159999
0.400133
0.605772
0.636390
0.219540
0.556053
0.279737
0.003799
0.347653
0.297662
0.222459
0.716767
0.805195
0.527095
0.982561
0.371819
0.558136
0.922080
0.876819
0.011079
0.250967
0.563721
0.905938
0.097599
0.421392
0.479273
0.971790
0.185313
0.426148
0.980342
0.756497
0.914611
0.854817
0.182888
0.535213
0.131332
0.527298
0.002849
0.561783
0.551753
0.270422
0.940248
0.277999
0.088870
0.899955
0.693815
0.842270
0.903455
0.799450
0.407075
0.737408
0.041416
0.882820
0.167559
0.993230
0.781227
0.010821
0.653802
0.895485
0.162015
0.433736
0.467144
0.176850
0.417673
0.372500
0.576543
0.161135
0.653573
0.056708
0.932321
0.832166
0.026666
0.456069
0.398373
0.942450
0.988253
0.229598
0.508754
0.729176
0.690314
0.799241
0.793367
0.714107
0.444281
0.151449
0.828840
0.257680
0.448791
0.055975
0.974717
0.367031
0.666654
0.340728
0.566105
0.760456
0.296283
0.750127
0.283124
0.548848
0.604004
0.380915
0.711746
0.623163
0.571235
0.954335
0.714913
0.841222
0.562862
0.388585
0.047569
0.230127
0.735501
0.357056
0.808900
0.535315
0.687750
0.095043
0.014875
0.896038
0.794505
0.684994
0.934536
0.209786
0.851471
0.425697
0.692919
0.949419
0.945326
0.963763
0.553578
0.318775
0.640269
0.229806
0.710549
0.653732
0.013689
0.505334
0.969888
0.970213
0.894895
0.791502
0.890162
0.926376
0.257199
0.691532
0.764690
0.164423
0.985774
0.243620
0.833996
0.551409
0.080851
0.356859
0.589219
0.629402
0.903104
0.103244
0.179242
0.076423
0.758549
0.779198
0.457145
0.432660
0.935549
0.676361
0.308827
0.846636
0.795122
0.124173
0.804000
0.729500
0.692174
0.582184
0.325905
0.180537
0.837612
0.061818
0.017579
0.690669
0.324709
0.753693
0.529033
0.731577
0.718187
0.078080
0.440659
0.709027
0.986430
0.452108
0.182484
0.936107
0.492175
0.307834
0.815743
0.951452
0.391323
0.444181
0.956664
0.723894
0.870043
0.199112
0.440600
0.286681
0.319540
0.865080
0.103839
0.873429
0.235669
0.208136
0.481500
0.380469
0.658738
0.845339
0.671848
0.856453
0.477233
0.974848
0.058324
0.714092
0.394259
0.281310
0.311352
0.976560
0.584768
0.951718
0.028864
0.207528
0.931891
0.158617
0.611601
0.160886
0.005585
0.586298
0.189705
0.135347
0.288303
0.752412
0.401103
0.470046
0.167375
0.974591
0.272163
0.718829
0.159928
0.267309
0.897425
0.527508
0.132407
0.770444
0.155713
0.682472
0.632032
0.315744
0.710170
0.400076
0.337181
0.550350
0.247110
0.359351
0.045691
0.917731
0.136356
0.707152
0.216417
0.853855
0.754814
0.207595
0.964611
0.426965
0.064702
0.045197
0.343040
0.230396
0.426091
0.090056
0.489599
0.522145
0.715203
0.201180
0.750518
0.518932
0.188893
0.392433
0.445296
0.057651
0.629576
0.498250
0.214024
0.024009
0.287555
0.050354
0.230136
0.963258
0.956872
0.427394
0.228679
0.115541
0.295575
0.733393
0.855960
0.727978
0.394643
0.198995
0.371431
0.338040
0.188881
0.413551
0.534197
0.266021
0.810203
0.917262
0.106129
0.565699
0.688402
0.919537
0.316753
0.509626
0.996407
0.991119
0.517771
0.863919
0.079915
0.395897
0.775122
0.174462
0.021311
0.544348
0.859114
0.261184
0.483951
0.383376
0.687436
0.790775
0.892388
0.363705
0.542767
0.618454
0.004318
0.234555
0.575185
0.836413
0.935500
0.978575
0.531338
0.282190
0.150669
0.453526
0.700389
0.887663
0.006469
0.574576
0.455905
0.730369
0.793866
0.421516
0.787783
0.913977
0.344447
0.938306
0.956739
0.883697
0.102556
0.300752
0.269060
0.899867
0.556879
0.782862
0.196272
0.801425
0.832878
0.865815
0.736650
0.380883
0.777088
0.456604
0.701621
0.662807
0.793688
0.794653
0.553366
0.076295
0.938017
0.594436
0.775921
0.276337
0.517202
0.286298
0.497603
0.495563
0.218484
0.623105
0.593123
0.231095
0.837772
0.682215
0.664291
0.340878
0.494838
0.322443
0.625118
0.235741
0.020127
0.714926
0.701022
0.755503
0.334971
0.141048
0.836541
0.215137
0.071490
0.958967
0.953862
0.994192
0.674394
0.770387
0.558510
0.555963
0.049047
0.535363
0.510474
0.192865
0.205639
0.141920
0.232803
0.316059
0.073904
0.170628
0.947111
0.898189
0.346306
0.916579
0.844750
0.150944
0.550089
0.743206
0.485799
0.112839
0.765373
0.279943
0.871685
0.612090
0.460124
0.369649
0.334858
0.030143
0.225893
0.480617
0.350278
0.883922
0.616914
0.059725
0.405222
0.859043
0.563108
0.750221
0.736440
0.595668
0.498535
0.392151
0.174706
0.192504
0.362125
0.528320
0.842032
0.853352
0.305485
0.684230
0.102427
0.325448
0.633236
0.897477
0.730259
0.591707
0.851470
0.844405
0.600656
0.346115
0.561400
0.596788
0.336202
0.396555
0.837573
0.064477
0.936311
0.016182
0.054310
0.787136
0.810327
0.622420
0.615564
0.964467
0.861632
0.669183
0.915440
0.442437
0.103524
0.204187
0.428655
0.879355
0.881736
0.069032
0.338721
0.421063
0.907764
0.650296
0.493062
0.036720
0.627384
0.826454
0.230719
0.176380
0.059993
0.719130
0.218269
0.493721
0.561667
0.476418
0.025108
0.018066
0.077710
0.819605
0.208219
0.105183
0.179680
0.347150
0.050031
0.391846
0.576783
0.033496
0.641342
0.282056
0.024669
0.207904
0.252822
0.067188
0.301298
0.448214
0.544655
0.218007
0.294722
0.005521
0.526784
0.918503
0.899808
0.688970
0.779708
0.733691
0.027336
0.685750
0.727000
0.228796
0.010743
0.281060
0.144930
0.782032
0.539517
0.467415
0.957571
0.586770
0.388507
0.004125
0.715679
0.547839
0.708508
0.450509
0.841029
0.181367
0.919736
0.600792
0.442541
0.739705
0.497806
0.243626
0.895669
0.353743
0.306818
0.534601
0.770784
0.042703
0.036108
0.477998
0.597171
0.404370
0.180655
0.070956
0.857305
0.079219
0.204113
0.189557
0.622324
0.890919
0.999467
0.663649
0.431303
0.010937
0.853060
0.798701
0.029228
0.464376
0.704936
0.193451
0.669626
0.631266
0.321997
0.637490
0.931487
0.510807
0.910050
0.900001
0.523364
0.816245
0.256643
0.441731
0.775877
0.439737
0.504267
0.826771
0.486468
0.687471
0.619337
0.904390
0.433548
0.206279
0.886232
0.904710
0.272650
0.843112
0.414798
0.016935
0.113899
0.410627
0.100569
0.853353
0.300243
0.763236
0.879823
0.581491
0.379046
0.182540
0.891974
0.030712
0.414998
0.301477
0.131877
0.682077
0.391814
0.765355
0.629470
0.470629
0.976301
0.765824
0.743589
0.343144
0.770768
0.912694
0.673632
0.326231
0.713604
0.250547
0.953997
0.937851
0.612737
0.079224
0.190664
0.247301
0.012371
0.365697
0.888769
0.960635
0.763833
0.190339
0.270865
0.420408
0.940446
0.962856
0.169715
0.952838
0.077579
0.173409
0.710956
0.666522
0.805929
0.872767
0.210181
0.588937
0.921730
0.882193
0.796557
0.378424
0.878342
0.250309
0.432175
0.036678
0.143042
0.941929
0.680641
0.371549
0.380349
0.595812
0.978571
0.292460
0.727818
0.555510
0.195944
0.589566
0.699233
0.694660
0.528685
0.278886
0.118673
0.759001
0.866393
0.246777
0.772921
0.655005
0.481967
0.175536
0.617906
0.605634
0.517143
0.230776
0.996841
0.247514
0.019473
0.455759
0.498302
0.827742
0.815629
0.842312
0.503603
0.778072
0.958179
0.771741
0.774269
0.161706
0.523618
0.559239
0.963228
0.264272
0.741255
0.512853
0.338064
0.083284
0.995288
0.846998
0.293418
0.816516
0.591828
0.237259
0.358443
0.472525
0.810279
0.368547
0.394845
0.908644
0.365703
0.264325
0.432252
0.685112
0.865219
0.476175
0.296052
0.283029
0.208847
0.847776
0.361520
0.273697
0.143547
0.934297
0.910218
0.812567
0.154197
0.273170
0.252772
0.088290
0.626722
0.161486
0.509098
0.261387
0.655610
0.050212
0.917717
0.068404
0.870821
0.719812
0.524020
0.649150
0.359526
0.087400
0.517885
0.516200
0.558520
0.940895
0.946356
0.783748
0.300849
0.859178
0.732433
0.064160
0.788656
0.816139
0.959177
0.371966
0.327677
0.079082
0.714472
0.860568
0.678857
0.678438
0.120698
0.661246
0.350295
0.105561
0.995451
0.890783
0.511370
0.381232
0.149520
0.175759
0.547350
0.782177
0.396442
0.948664
0.379738
0.636021
0.501259
0.276304
0.820332
0.865777
0.476798
0.442052
0.577677
0.842850
0.609538
0.205416
0.709568
0.836464
0.446673
0.219051
0.832037
0.406330
0.603174
0.772865
0.020964
0.342921
0.629519
0.392128
0.011980
0.638596
0.447734
0.986744
0.037804
0.997355
0.814062
0.867661
0.794175
0.094862
0.046026
0.468000
0.226559
0.798502
0.625881
0.286372
0.622825
0.244777
0.357646
0.670997
0.021296
0.855215
0.391805
0.463104
0.475440
0.031989
0.905616
0.117284
0.009915
0.213026
0.118745
0.739053
0.712546
0.486956
0.049029
0.436569
0.646931
0.494177
0.845968
0.496479
0.540573
0.024275
0.415585
0.941062
0.399208
0.415905
0.277524
0.606891
0.648782
0.760844
0.614073
0.229767
0.463140
0.705998
0.421445
0.084920
0.728413
0.257541
0.789587
0.334466
0.105204
0.220546
0.419546
0.414749
0.693111
0.303663
0.682973
0.477973
0.182839
0.643539
0.356554
0.862454
0.185517
0.741325
0.470941
0.773572
0.065123
0.623119
0.054450
0.007897
0.244305
0.377746
0.637987
0.488168
0.634286
0.497787
0.163591
0.360110
0.344886
0.907505
0.382434
0.874875
0.605375
0.993479
0.453937
0.679859
0.974909
0.022060
0.299285
0.989422
0.736011
0.895605
0.330658
0.226688
0.325020
0.096593
0.314980
0.045304
0.910685
0.965571
0.217859
0.911855
0.425304
0.396193
0.312690
0.809081
0.383153
0.198497
0.615224
0.978217
0.194984
0.647957
0.212011
0.492521
0.482965
0.637282
0.635330
0.452017
0.109405
0.906777
0.833555
0.625751
0.178967
0.823864
0.787128
0.393780
0.740411
0.142004
0.643860
0.156667
0.645992
0.329697
0.119636
0.441113
0.690321
0.179950
0.719081
0.690867
0.293805
0.143120
0.217028
0.710513
0.271532
0.112095
0.724724
0.592383
0.352354
0.639968
0.907241
0.263579
0.615757
0.797331
0.434052
0.704887
0.433699
0.407617
0.020421
0.012521
0.525922
0.204483
0.204872
0.173081
0.438807
0.121686
0.662833
0.752567
0.570840
0.836733
0.241113
0.077785
0.489868
0.694392
0.401869
0.883831
0.252373
0.232219
0.415752
0.155326
0.090910
0.129746
0.535410
0.923662
0.091832
0.473972
0.774970
0.428524
0.842252
0.036576
0.024015
0.330492
0.160490
0.718881
0.178747
0.978892
0.241005
0.627917
0.892197
0.604683
0.602110
0.125591
0.252909
0.473934
0.483057
0.682148
0.955038
0.554098
0.711548
0.843140
0.104201
0.585639
0.417202
0.134299
0.660593
0.087915
0.890239
0.842533
0.373322
0.324857
0.733715
0.623910
0.325935
0.000279
0.365823
0.601316
0.685648
0.859826
0.751766
0.253666
0.970208
0.503502
0.979140
0.650029
0.990104
0.482421
0.809129
0.925266
0.384928
0.899665
0.312618
0.727987
0.731410
0.740090
0.888326
0.836710
0.673159
0.287911
0.523499
0.753245
0.302005
0.903496
0.181627
0.462334
0.745894
0.398131
0.020361
0.298232
0.091571
0.152144
0.733616
0.806197
0.873388
0.914329
0.579049
0.857653
0.232561
0.512904
0.623945
0.950614
0.392577
0.262450
0.288222
0.201301
0.741778
0.797978
0.206613
0.640841
0.388573
0.973309
0.148293
0.215530
0.078517
0.918881
0.198956
0.664634
0.714048
0.367557
0.923393
0.473127
0.168903
0.744336
0.005624
0.826154
0.120254
0.466975
0.723969
0.123798
0.179365
0.514615
0.080164
0.268587
0.342336
0.589631
0.211774
0.950541
0.603912
0.378498
0.915142
0.602416
0.413629
0.497074
0.068281
0.205768
0.828414
0.135176
0.790688
0.508999
0.657664
0.160077
0.489365
0.814431
0.879610
0.690527
0.073335
0.148289
0.382362
0.499525
0.623574
0.933875
0.945042
0.737240
0.579055
0.812824
0.028177
0.436888
0.989499
0.289920
0.716651
0.184832
0.296881
0.466425
0.190539
0.537505
0.713090
0.545707
0.170534
0.378259
0.677880
0.727061
0.685879
0.043700
0.614953
0.279249
0.727114
0.031884
0.341849
0.039369
0.623970
0.719227
0.259014
0.188374
0.244546
0.006584
0.287314
0.114911
0.926265
0.710873
0.758658
0.786268
0.978537
0.632344
0.214116
0.914391
0.270674
0.996055
0.636241
0.361767
0.550891
0.881495
0.080638
0.834201
0.185882
0.750636
0.807711
0.084220
0.612048
0.733043
0.486575
0.496613
0.482384
0.702902
0.346540
0.657844
0.643398
0.590517
0.614112
0.640448
0.380398
0.592619
0.063381
0.771218
0.348477
0.009272
0.667995
0.595318
0.787297
0.880173
0.235712
0.404805
0.268948
0.908779
0.158498
0.203987
0.795883
0.741896
0.126246
0.560981
0.779143
0.267308
0.522088
0.025869
0.481551
0.235673
0.946081
0.256171
0.756461
0.061064
0.810428
0.384950
0.377250
0.850708
0.576543
0.903231
0.840045
0.054980
0.143354
0.892463
0.182482
0.249120
0.497184
0.195621
0.253211
0.828450
0.125327
0.939723
0.013535
0.473010
0.879128
0.011033
0.136032
0.776214
0.957447
0.161282
0.623392
0.289859
0.416852
0.760835
0.382870
0.093386
0.277334
0.311963
0.047982
0.061933
0.257046
0.473367
0.765875
0.277925
0.901979
0.820520
0.282668
0.785606
0.524957
0.753932
0.300980
0.291429
0.665001
0.435232
0.075130
0.463825
0.612349
0.656733
0.373192
0.719172
0.855955
0.406932
0.661963
0.037900
0.295577
0.817864
0.698148
0.213763
0.676671
0.134856
0.650250
0.479899
0.097169
0.267937
0.270127
0.005719
0.295232
0.421335
0.169634
0.065085
0.861622
0.860223
0.352318
0.002908
0.247224
0.160397
0.206251
0.997137
0.189786
0.157392
0.619127
0.430945
0.999779
0.987592
0.432284
0.629433
0.396901
0.432838
0.951006
0.628077
0.598908
0.513747
0.852493
0.712316
0.361153
0.069130
0.841965
0.974892
0.889246
0.754659
0.636217
0.395542
0.892857
0.480480
0.161318
0.182595
0.704708
0.933909
0.867333
0.694768
0.573604
0.122969
0.773807
0.525897
0.366832
0.728895
0.241519
0.301606
0.341994
0.313688
0.844768
0.534139
0.895550
0.781493
0.904284
0.625077
0.013001
0.910022
0.291033
0.045278
0.927418
0.573667
0.379570
0.237983
0.629386
0.715097
0.677710
0.221934
0.281678
0.724275
0.244493
0.415938
0.361576
0.855217
0.422758
0.431029
0.608925
0.197966
0.499758
0.856294
0.581263
0.519432
0.204941
0.533340
0.286121
0.367568
0.402759
0.404693
0.283394
0.329896
0.589475
0.989550
0.103788
0.311759
0.851447
0.352238
0.529229
0.060129
0.166872
0.131137
0.677198
0.049549
0.664127
0.882508
0.559911
0.119093
0.991081
0.784803
0.698223
0.231101
0.239730
0.305373
0.947461
0.370936
0.109137
0.448185
0.755648
0.434285
0.888788
0.402553
0.305475
0.187029
0.036764
0.958469
0.263902
0.804510
0.932531
0.177195
0.598629
0.363707
0.603565
0.995402
0.588766
0.047784
0.254965
0.770219
0.712640
0.073308
0.637026
0.102017
0.699383
0.668855
0.315804
0.587692
0.855456
0.228233
0.154208
0.389028
0.366977
0.976846
0.621185
0.605472
0.116735
0.191738
0.788950
0.172273
0.146217
0.643312
0.840752
0.337168
0.496265
0.921609
0.608603
0.146012
0.581620
0.170394
0.682552
0.830735
0.688249
0.892121
0.544369
0.344375
0.960995
0.710031
0.179176
0.223887
0.072396
0.878912
0.032462
0.900024
0.458442
0.328903
0.116878
0.939101
0.987311
0.050458
0.300816
0.884600
0.445124
0.823139
0.355814
0.539413
0.295546
0.232815
0.497232
0.670417
0.922765
0.936826
0.543337
0.430545
0.490573
0.267790
0.106570
0.967909
0.561838
0.067532
0.708880
0.558278
0.494638
0.550422
0.625654
0.178776
0.538692
0.822279
0.968638
0.965080
0.862065
0.960406
0.144706
0.860086
0.929687
0.709322
0.738406
0.312482
0.664368
0.291295
0.863681
0.304290
0.549949
0.143996
0.516974
0.159457
0.339236
0.162879
0.598297
0.207327
0.057501
0.857699
0.166199
0.477638
0.342440
0.386256
0.787864
0.085955
0.102810
0.807065
0.163801
0.035083
0.381316
0.347207
0.792842
0.647908
0.621726
0.452703
0.453322
0.287948
0.247879
0.196793
0.438982
0.524395
0.597028
0.173853
0.414329
0.657690
0.066816
0.240006
0.384584
0.558053
0.618110
0.730954
0.374224
0.890360
0.665616
0.487858
0.443039
0.633971
0.867717
0.308079
0.990138
0.295212
0.570507
0.608866
0.058197
0.540225
0.507654
0.413806
0.546629
0.154002
0.432717
0.821758
0.845520
0.101030
0.762142
0.243185
0.201847
0.704945
0.992486
0.449053
0.632699
0.161534
0.766512
0.821858
0.217930
0.620347
0.516964
0.350823
0.755893
0.599893
0.190899
0.519052
0.879561
0.842935
0.018040
0.463072
0.718256
0.291246
0.595849
0.178695
0.193784
0.073833
0.640601
0.739608
0.471883
0.599570
0.365853
0.972579
0.124692
0.814680
0.491595
0.788137
0.865839
0.491214
0.486120
0.068488
0.858663
0.373611
0.964154
0.386186
0.239600
0.715295
0.332323
0.970245
0.471996
0.855616
0.584177
0.375934
0.522133
0.618624
0.844101
0.392348
0.337199
0.319253
0.078119
0.085680
0.941506
0.011450
0.268092
0.836123
0.530224
0.841989
0.559556
0.548763
0.300824
0.301859
0.620357
0.114979
0.159337
0.717584
0.175908
0.773907
0.226877
0.867140
0.664943
0.092280
0.004767
0.986581
0.413656
0.808125
0.788612
0.199217
0.432289
0.825027
0.696683
0.125377
0.196788
0.852422
0.103730
0.218803
0.033765
0.078840
0.196016
0.944851
0.874106
0.284605
0.478207
0.075270
0.190772
0.984049
0.172687
0.932593
0.037674
0.714806
0.831129
0.051587
0.468459
0.086512
0.892325
0.299556
0.116329
0.131256
0.543553
0.785510
0.682154
0.930166
0.654925
0.053218
0.977468
0.531404
0.933831
0.218513
0.464290
0.867179
0.372029
0.852946
0.594536
0.075006
0.369625
0.669165
0.957677
0.407846
0.952267
0.628613
0.151691
0.352630
0.283018
0.411313
0.824028
0.413487
0.479246
0.137635
0.519910
0.169623
0.872287
0.310053
0.413088
0.836316
0.632957
0.780476
0.810278
0.656194
0.536738
0.916198
0.661755
0.145436
0.220188
0.480547
0.001518
0.152727
0.603338
0.311029
0.683646
0.673455
0.909069
0.542180
0.925417
0.341799
0.202639
0.331964
0.143262
0.115778
0.387148
0.477282
0.555802
0.494996
0.604916
0.298649
0.412513
0.579464
0.579977
0.224332
0.168721
0.949882
0.484014
0.432872
0.941892
0.231260
0.781524
0.594201
0.822018
0.068312
0.644114
0.233069
0.508631
0.379870
0.388964
0.461332
0.938772
0.023924
0.048752
0.156518
0.463000
0.355346
0.310838
0.885279
0.573665
0.980910
0.405664
0.260442
0.124705
0.578433
0.845957
0.095997
0.278435
0.877286
0.325422
0.564734
0.826483
0.892192
0.356062
0.040110
0.012648
0.917792
0.988610
0.733734
0.533033
0.775473
0.922384
0.912540
0.769865
0.543111
0.388795
0.769918
0.041824
0.515353
0.075784
0.296781
0.159254
0.068868
0.286064
0.935548
0.595753
0.112635
0.582193
0.282860
0.091924
0.334804
0.576235
0.642701
0.426393
0.283373
0.253751
0.350175
0.490437
0.663147
0.602040
0.840148
0.152944
0.462811
0.682291
0.581248
0.702793
0.435721
0.549951
0.087305
0.563138
0.053234
0.854374
0.125812
0.936417
0.572252
0.968867
0.722012
0.944325
0.217997
0.825888
0.859924
0.654906
0.787072
0.899120
0.417444
0.625417
0.776789
0.221735
0.450691
0.126806
0.852119
0.466777
0.123725
0.285773
0.635213
0.753294
0.342808
0.839477
0.793251
0.291436
0.897169
0.663685
0.445358
0.367999
0.368025
0.017689
0.285856
0.894539
0.788063
0.184424
0.909512
0.823248
0.580540
0.968460
0.886127
0.750985
0.188452
0.975316
0.333313
0.713133
0.241582
0.770780
0.767502
0.355473
0.820467
0.797696
0.040454
0.891549
0.190457
0.730430
0.802902
0.305043
0.900538
0.034746
0.075666
0.391323
0.999406
0.185771
0.844956
0.765026
0.130404
0.850601
0.748867
0.405742
0.789685
0.786823
0.148141
0.062090
0.503987
0.807145
0.684696
0.378223
0.658506
0.293046
0.637316
0.511783
0.714143
0.284849
0.115451
0.396405
0.858141
0.303561
0.037708
0.961119
0.108541
0.555641
0.693740
0.522245
0.226927
0.652742
0.564715
0.093250
0.088948
0.300677
0.134179
0.379137
0.822377
0.612037
0.810209
0.920879
0.751194
0.985848
0.003064
0.461348
0.653747
0.217575
0.664617
0.709015
0.635618
0.559877
0.878197
0.448718
0.575001
0.294755
0.569097
0.506569
0.662813
0.731568
0.235080
0.400276
0.879898
0.238660
0.569812
0.962303
0.716809
0.967509
0.093541
0.917282
0.050767
0.304206
0.598479
0.684778
0.548951
0.194063
0.081462
0.864895
0.761936
0.437202
0.599709
0.885075
0.853176
0.382211
0.920897
0.044235
0.046981
0.498231
0.904554
0.928763
0.302426
0.260624
0.203632
0.011349
0.922434
0.506701
0.726452
0.298495
0.190340
0.495529
0.131343
0.148549
0.851354
0.838237
0.793974
0.267518
0.452931
0.431676
0.068647
0.125781
0.040280
0.411853
0.125575
0.034623
0.521206
0.506222
0.033906
0.151238
0.356450
0.554096
0.672938
0.015403
0.842115
0.356705
0.570522
0.406001
0.369843
0.188499
0.160464
0.476078
0.630870
0.756184
0.000568
0.215378
0.238849
0.864957
0.361218
0.180564
0.754671
0.152184
0.498886
0.835056
0.572547
0.836935
0.662842
0.571473
0.069051
0.189482
0.084002
0.109063
0.818761
0.886034
0.326286
0.981630
0.208773
0.578237
0.496023
0.331974
0.274589
0.484333
0.437281
0.764306
0.221592
0.809705
0.744025
0.263401
0.232790
0.013410
0.785825
0.304707
0.722238
0.537306
0.584965
0.437763
0.932634
0.732420
0.408594
0.030207
0.786742
0.762199
0.065642
0.515833
0.998806
0.840848
0.023587
0.755799
0.615720
0.099373
0.538733
0.208388
0.592673
0.128867
0.581278
0.171496
0.709228
0.938499
0.122710
0.494650
0.067729
0.627773
0.479487
0.345109
0.761946
0.314963
0.441921
0.075456
0.947986
0.468106
0.666024
0.328481
0.217676
0.399250
0.389037
0.185843
0.630516
0.746643
0.290024
0.876377
0.605076
0.014853
0.314097
0.095480
0.487869
0.072542
0.020994
0.042454
0.075423
0.242608
0.038661
0.531311
0.348331
0.969207
0.739048
0.419801
0.326428
0.900850
0.218524
0.227435
0.395688
0.389309
0.536778
0.055772
0.345539
0.795117
0.590350
0.361753
0.855969
0.363023
0.759291
0.649850
0.049553
0.272497
0.414163
0.962420
0.989810
0.517328
0.587427
0.275529
0.824244
0.272233
0.150805
0.808293
0.213903
0.106683
0.906433
0.939581
0.106978
0.627148
0.727524
0.803797
0.245274
0.588735
0.889950
0.494459
0.197380
0.589061
0.031255
0.379932
0.998113
0.645092
0.970717
0.024542
0.079063
0.548444
0.395105
0.608856
0.707025
0.277039
0.594426
0.483432
0.216288
0.943801
0.474263
0.021578
0.692428
0.393246
0.063615
0.810511
0.261082
0.142853
0.259620
0.856659
0.522702
0.147701
0.226115
0.955324
0.924388
0.164563
0.055780
0.596153
0.430773
0.530358
0.919449
0.677111
0.351786
0.338582
0.246354
0.782127
0.222941
0.163221
0.086400
0.208766
0.474120
0.356724
0.878156
0.730845
0.308035
0.673343
0.637277
0.460921
0.287127
0.375515
0.582743
0.431515
0.069530
0.722904
0.346962
0.866092
0.444856
0.139036
0.544784
0.092874
0.313664
0.126603
0.208801
0.912044
0.574916
0.443769
0.300730
0.368741
0.811022
0.713973
0.286360
0.002304
0.218527
0.813187
0.517127
0.638384
0.850299
0.790150
0.918858
0.523552
0.979745
0.870181
0.626374
0.317856
0.667529
0.022356
0.248429
0.790604
0.787917
0.785151
0.875182
0.371674
0.401228
0.172647
0.597974
0.252126
0.578870
0.878939
0.521072
0.316292
0.978572
0.794272
0.765695
0.111369
0.644480
0.882156
0.462779
0.236648
0.993914
0.653434
0.738760
0.229637
0.996245
0.664959
0.553634
0.329800
0.015813
0.860102
0.653271
0.183238
0.235154
0.684201
0.902053
0.289938
0.020504
0.691724
0.555724
0.191375
0.477616
0.935519
0.881375
0.293759
0.966940
0.666615
0.504153
0.124035
0.408415
0.820073
0.595658
0.729081
0.873779
0.768509
0.642909
0.493225
0.984414
0.670112
0.880118
0.630246
0.780596
0.984440
0.425015
0.337476
0.406024
0.532712
0.007477
0.850823
0.754475
0.274156
0.601242
0.213350
0.045997
0.980559
0.310796
0.003646
0.725726
0.981188
0.894068
0.872781
0.737400
0.083582
0.640409
0.281660
0.775843
0.765869
0.744960
0.697533
0.293697
0.413573
0.687404
0.895787
0.023162
0.494543
0.647408
0.887780
0.748371
0.236659
0.203465
0.403265
0.110216
0.925558
0.062642
0.567466
0.420587
0.932802
0.107757
0.671177
0.604251
0.801047
0.134346
0.341548
0.506234
0.268813
0.910946
0.208474
0.927268
0.812286
0.561063
0.467295
0.944555
0.680246
0.570155
0.637446
0.376659
0.435204
0.700861
0.922000
0.335281
0.144168
0.751927
0.268773
0.620265
0.869045
0.582579
0.181453
0.598470
0.941387
0.881382
0.022704
0.166402
0.446821
0.205510
0.948702
0.945211
0.105982
0.639491
0.473003
0.418806
0.037963
0.797768
0.642777
0.253236
0.199298
0.118411
0.387234
0.440970
0.980481
0.927767
0.618108
0.195672
0.412385
0.537022
0.189847
0.239905
0.269776
0.460911
0.411781
0.063774
0.298270
0.137974
0.749288
0.579034
0.832719
0.459047
0.403228
0.771245
0.202587
0.170259
0.093065
0.008969
0.715738
0.856151
0.683443
0.396911
0.114968
0.224847
0.167519
0.923465
0.420453
0.276589
0.687546
0.065709
0.948098
0.524563
0.035006
0.749206
0.128072
0.583386
0.178922
0.212950
0.823444
0.759691
0.600727
0.179269
0.954366
0.329245
0.075151
0.394671
0.458064
0.358396
0.104635
0.412519
0.138200
0.965121
0.290192
0.228382
0.004537
0.786176
0.496766
0.556759
0.242744
0.242268
0.621039
0.327156
0.885180
0.330119
0.411177
0.256428
0.449257
0.168587
0.627367
0.649042
0.993303
0.260876
0.631030
0.058132
0.871426
0.146063
0.276714
0.721443
0.838647
0.732959
0.816899
0.228667
0.933384
0.221241
0.320621
0.236061
0.753735
0.370412
0.642849
0.813791
0.125508
0.199037
0.361534
0.498180
0.939093
0.095450
0.223680
0.773040
0.912116
0.268275
0.490560
0.572274
0.774291
0.727643
0.490460
0.934168
0.204831
0.579160
0.778601
0.641799
0.901714
0.375245
0.291060
0.582543
0.470935
0.276858
0.236372
0.103212
0.247790
0.312955
0.112498
0.771926
0.490277
0.629085
0.686529
0.601704
0.470058
0.515273
0.510388
0.367520
0.354944
0.963220
0.764623
0.533442
0.997322
0.646721
0.415809
0.509415
0.506700
0.186265
0.189908
0.419344
0.249818
0.972389
0.169602
0.312392
0.677617
0.501648
0.887696
0.083553
0.402172
0.956052
0.517117
0.575646
0.760723
0.758878
0.171814
0.469590
0.167477
0.775863
0.662269
0.181638
0.297191
0.773550
0.144159
0.406338
0.206809
0.961382
0.179470
0.367773
0.712557
0.403729
0.860633
0.333088
0.793481
0.411417
0.499287
0.734708
0.619328
0.040843
0.082807
0.147392
0.190649
0.729696
0.340178
0.782819
0.816498
0.613028
0.641999
0.070888
0.675559
0.118279
0.580688
0.359975
0.229692
0.333996
0.079225
0.672190
0.074271
0.464938
0.211965
0.027907
0.316495
0.938360
0.226591
0.974668
0.594009
0.583900
0.679051
0.498788
0.083955
0.517360
0.946394
0.561707
0.092993
0.880431
0.706841
0.388720
0.539097
0.799970
0.242227
0.541429
0.815852
0.646187
0.392408
0.284207
0.655579
0.585750
0.746910
0.213329
0.449945
0.668724
0.897572
0.452984
0.273321
0.585174
0.363209
0.201437
0.683756
0.489217
0.116609
0.649887
0.606410
0.932574
0.190084
0.471934
0.658554
0.456787
0.255351
0.593345
0.270738
0.529757
0.911832
0.232814
0.138891
0.022471
0.167761
0.230339
0.795956
0.611521
0.890363
0.082428
0.856439
0.109968
0.295999
0.687854
0.870706
0.207766
0.900469
0.632571
0.893290
0.799234
0.000291
0.102870
0.039547
0.000404
0.457377
0.069019
0.292118
0.382023
0.932081
0.213029
0.754623
0.468695
0.588059
0.251606
0.481807
0.446425
0.375796
0.065879
0.128194
0.453104
0.123037
0.994434
0.177261
0.967517
0.053058
0.304588
0.929873
0.829383
0.635687
0.242077
0.447785
0.253103
0.760901
0.010726
0.002982
0.195047
0.655939
0.677776
0.642580
0.482434
0.410366
0.180998
0.263026
0.244507
0.377047
0.142454
0.987153
0.286939
0.107693
0.577607
0.149786
0.947267
0.964483
0.378695
0.157421
0.353717
0.272173
0.842662
0.894565
0.063571
0.591755
0.926903
0.322117
0.538299
0.586174
0.468725
0.380998
0.978934
0.940307
0.907698
0.363540
0.718200
0.152677
0.929995
0.294663
0.623726
0.059640
0.589556
0.500414
0.899907
0.365643
0.047406
0.892464
0.865301
0.344610
0.487814
0.648628
0.099227
0.682273
0.292329
0.992968
0.375943
0.368157
0.291728
0.684954
0.134009
0.107618
0.986778
0.750425
0.338866
0.659798
0.076760
0.307954
0.506055
0.601060
0.887630
0.989492
0.966285
0.407565
0.813747
0.084736
0.586177
0.365475
0.315094
0.300336
0.665810
0.899330
0.649524
0.015621
0.679891
0.934665
0.772910
0.570569
0.695798
0.440326
0.489105
0.976145
0.009064
0.574639
0.423297
0.893903
0.646254
0.757111
0.534428
0.484260
0.207665
0.592275
0.627581
0.279867
0.956698
0.471822
0.909974
0.857333
0.679372
0.691187
0.193112
0.850959
0.564056
0.981928
0.120196
0.658752
0.532260
0.513631
0.173434
0.207467
0.056056
0.208306
0.640361
0.361287
0.945722
0.816963
0.868913
0.747826
0.210814
0.792304
0.976558
0.971239
0.368624
0.796293
0.534112
0.538780
0.282119
0.674104
0.572066
0.655378
0.615226
0.644722
0.594827
0.029595
0.930956
0.419105
0.152795
0.664286
0.467207
0.734993
0.675111
0.343616
0.948815
0.131069
0.251663
0.256321
0.962005
0.237628
0.831016
0.952982
0.395831
0.136121
0.145091
0.791365
0.871235
0.918814
0.472881
0.815556
0.620943
0.461107
0.991426
0.827125
0.612927
0.943658
0.848914
0.259650
0.594972
0.007674
0.162044
0.525287
0.832397
0.758485
0.647168
0.447260
0.289830
0.426541
0.113715
0.313357
0.263095
0.793944
0.858888
0.853756
0.914669
0.186721
0.461274
0.609565
0.550408
0.756684
0.043949
0.033145
0.185380
0.492078
0.780365
0.663167
0.084143
0.892206
0.347007
0.043518
0.989412
0.346733
0.640769
0.703916
0.294660
0.060168
0.447701
0.747087
0.384869
0.474760
0.330117
0.214035
0.920458
0.308274
0.231238
0.604020
0.613340
0.720472
0.534982
0.607277
0.694042
0.839225
0.075971
0.589661
0.872371
0.704467
0.749116
0.090459
0.620705
0.686859
0.332439
0.546859
0.676850
0.363183
0.309774
0.811281
0.927873
0.107252
0.096503
0.280496
0.133991
0.987104
0.053872
0.254751
0.898016
0.214905
0.809437
0.294954
0.391926
0.635337
0.632463
0.077347
0.809213
0.904033
0.951467
0.823887
0.225759
0.906199
0.955667
0.994866
0.710656
0.435476
0.716184
0.229632
0.339002
0.354069
0.086112
0.463006
0.592001
0.569601
0.676302
0.046094
0.666082
0.590138
0.073012
0.012719
0.624165
0.716786
0.585536
0.622341
0.462538
0.738590
0.527843
0.639511
0.977627
0.493658
0.011490
0.756884
0.636037
0.604618
0.657490
0.505312
0.583557
0.608410
0.809504
0.525840
0.111488
0.652560
0.612060
0.581992
0.131955
0.938251
0.046976
0.124211
0.760095
0.027639
0.939562
0.120028
0.285824
0.022487
0.952356
0.537970
0.517919
0.420047
0.883865
0.887000
0.923109
0.003683
0.885605
0.204913
0.566224
0.627030
0.892641
0.946614
0.397360
0.054383
0.443523
0.676268
0.405177
0.242312
0.769663
0.119185
0.229130
0.146474
0.995428
0.536087
0.796091
0.715001
0.412845
0.175447
0.025294
0.914741
0.381758
0.944265
0.022309
0.499755
0.263603
0.236963
0.423516
0.708868
0.297931
0.756930
0.712894
0.058464
0.740254
0.155625
0.358959
0.793779
0.136354
0.791860
0.002610
0.538266
0.518013
0.170982
0.643646
0.931432
0.570429
0.356727
0.005328
0.929076
0.303418
0.153647
0.394505
0.407749
0.137646
0.606504
0.314079
0.523974
0.473151
0.585128
0.568771
0.722011
0.801780
0.520971
0.938049
0.793268
0.242253
0.643963
0.792177
0.823249
0.529037
0.912153
0.510860
0.843174
0.080075
0.865210
0.130011
0.444907
0.166625
0.300494
0.775588
0.895325
0.813353
0.924176
0.635544
0.085102
0.879355
0.332382
0.968156
0.259828
0.792527
0.135022
0.009326
0.217218
0.279669
0.134728
0.575662
0.844725
0.585881
0.591306
0.684251
0.393751
0.631959
0.909736
0.070256
0.193593
0.144957
0.054358
0.366705
0.248623
0.000604
0.398238
0.336850
0.629792
0.201242
0.686744
0.171401
0.534566
0.108624
0.861729
0.053709
0.477091
0.266898
0.432456
0.190983
0.822148
0.460680
0.682239
0.331550
0.994495
0.262380
0.819455
0.059471
0.614388
0.393941
0.468385
0.031314
0.227684
0.111853
0.050527
0.292328
0.837861
0.085363
0.371685
0.326618
0.151404
0.532789
0.642173
0.014122
0.757261
0.733317
0.996000
0.022401
0.079418
0.599507
0.773651
0.423997
0.011226
0.217577
0.374598
0.476786
0.786520
0.123254
0.546461
0.670529
0.889397
0.671451
0.048004
0.246741
0.379514
0.496849
0.891075
0.400052
0.109145
0.390036
0.569346
0.798477
0.610219
0.646747
0.922181
0.193783
0.194870
0.921443
0.395901
0.697664
0.426239
0.355276
0.908772
0.097954
0.140399
0.410704
0.385656
0.851775
0.932315
0.173737
0.246571
0.040212
0.226111
0.852273
0.165439
0.545122
0.488170
0.885660
0.137643
0.353264
0.922559
0.414873
0.628684
0.174211
0.698200
0.122833
0.641892
0.450248
0.469343
0.095078
0.025119
0.685702
0.432104
0.173096
0.006633
0.073113
0.783241
0.522671
0.143181
0.577084
0.998119
0.652856
0.581506
0.010180
0.791152
0.089861
0.451427
0.364022
0.713305
0.636920
0.488131
0.189496
0.155889
0.015994
0.944022
0.638174
0.221282
0.335238
0.430290
0.975781
0.066790
0.728434
0.646415
0.252838
0.720799
0.056930
0.334345
0.336285
0.585422
0.224935
0.831910
0.404465
0.595457
0.986390
0.587445
0.189775
0.883240
0.119267
0.261878
0.024379
0.043688
0.807938
0.506624
0.295636
0.190968
0.136640
0.770829
0.314815
0.103836
0.568183
0.683637
0.516988
0.796670
0.169098
0.887110
0.671504
0.579211
0.944575
0.103882
0.642555
0.785527
0.364708
0.784565
0.640554
0.919065
0.207542
0.695761
0.266961
0.040410
0.277984
0.004064
0.262337
0.860742
0.305903
0.893456
0.814368
0.205281
0.837023
0.024409
0.871274
0.945802
0.931628
0.345742
0.984814
0.017943
0.332237
0.599202
0.398047
0.673348
0.528988
0.607520
0.694473
0.154553
0.772326
0.188347
0.321681
0.379868
0.058671
0.625051
0.119416
0.819751
0.730121
0.112862
0.828717
0.183588
0.070931
0.305114
0.091418
0.266867
0.855869
0.729701
0.834162
0.100882
0.875602
0.143137
0.921430
0.542717
0.606200
0.509927
0.927245
0.387141
0.497138
0.951707
0.905400
0.130545
0.815487
0.281909
0.909677
0.757465
0.450321
0.107662
0.549239
0.505173
0.088325
0.127413
0.806025
0.195091
0.599726
0.111347
0.996821
0.112016
0.186635
0.054838
0.817508
0.350248
0.796192
0.076773
0.734706
0.376191
0.511157
0.066847
0.430403
0.098963
0.024234
0.111615
0.491652
0.979832
0.858064
0.036024
0.271177
0.013845
0.371690
0.893950
0.085799
0.035562
0.870651
0.397092
0.809975
0.709028
0.205598
0.296505
0.093765
0.784012
0.422086
0.825495
0.344485
0.775250
0.194562
0.337127
0.579136
0.431746
0.961804
0.599714
0.444439
0.520212
0.938650
0.191404
0.258306
0.997421
0.444773
0.871538
0.291562
0.076536
0.120409
0.508981
0.277814
0.297559
0.965306
0.091033
0.383766
0.049104
0.383553
0.480876
0.125085
0.738268
0.145919
0.692523
0.153330
0.722902
0.738365
0.778856
0.276119
0.191958
0.126089
0.522949
0.902751
0.204145
0.618534
0.404225
0.558637
0.526545
0.179486
0.809021
0.491688
0.347894
0.886622
0.385685
0.142643
0.122801
0.417193
0.409585
0.149080
0.019233
0.500917
0.719219
0.412407
0.726401
0.353724
0.447706
0.731249
0.942719
0.860971
0.762123
0.838135
0.215094
0.415951
0.343455
0.201754
0.609380
0.970559
0.843927
0.756030
0.886353
0.043918
0.720412
0.263729
0.560492
0.996385
0.714051
0.836292
0.780301
0.955663
0.511457
0.466917
0.322960
0.798805
0.306858
0.573521
0.952517
0.891553
0.121876
0.586207
0.145515
0.561925
0.673571
0.695547
0.043806
0.061800
0.951285
0.321641
0.143426
0.260568
0.429095
0.535362
0.623286
0.413280
0.169072
0.451155
0.255913
0.297398
0.411902
0.379727
0.156535
0.253783
0.138389
0.133312
0.037358
0.157384
0.066912
0.718458
0.003575
0.044139
0.426357
0.295743
0.214223
0.855367
0.914723
0.436096
0.481286
0.001579
0.318616
0.575824
0.033770
0.121548
0.374521
0.415976
0.659192
0.273241
0.709279
0.223217
0.112454
0.788892
0.632258
0.799088
0.543165
0.002877
0.311536
0.506501
0.745155
0.094410
0.272724
0.283672
0.171392
0.362240
0.151960
0.754775
0.026052
0.880514
0.754256
0.128564
0.005016
0.702230
0.796028
0.320181
0.396237
0.398717
0.743597
0.090070
0.711376
0.316795
0.129543
0.262075
0.503281
0.485421
0.007581
0.612928
0.304338
0.393347
0.386455
0.028818
0.414845
0.817261
0.519738
0.693668
0.701291
0.694567
0.428271
0.928457
0.075638
0.624069
0.702316
0.315393
0.165531
0.048757
0.285254
0.271258
0.405486
0.431536
0.439476
0.140683
0.851952
0.702826
0.955380
0.112896
0.660793
0.606655
0.563408
0.835393
0.815954
0.891548
0.090992
0.829131
0.923225
0.893013
0.432163
0.241965
0.016985
0.185496
0.675954
0.563996
0.473693
0.107359
0.780389
0.658314
0.789890
0.460372
0.941019
0.637316
0.980800
0.410947
0.068440
0.805231
0.324146
0.580565
0.687384
0.305396
0.041256
0.458372
0.392138
0.658506
0.149025
0.954687
0.904623
0.922059
0.900007
0.270631
0.275895
0.932784
0.426795
0.433881
0.518039
0.152961
0.446007
0.177567
0.005953
0.721055
0.783247
0.133547
0.409271
0.591219
0.090338
0.975067
0.050639
0.641198
0.327310
0.796360
0.353744
0.040718
0.315653
0.570689
0.464330
0.145602
0.569192
0.639723
0.279254
0.387792
0.235968
0.099675
0.911698
0.098832
0.094958
0.418115
0.221265
0.950414
0.783130
0.725365
0.498174
0.884805
0.018806
0.309447
0.347948
0.224646
0.914610
0.468478
0.527447
0.418829
0.938982
0.441652
0.967556
0.832348
0.606717
0.754993
0.422776
0.179259
0.664165
0.156748
0.044800
0.564289
0.814891
0.708302
0.343356
0.815010
0.541380
0.743729
0.372473
0.210740
0.983897
0.190117
0.714205
0.574968
0.081851
0.582802
0.302469
0.155460
0.610255
0.194301
0.326425
0.945611
0.493511
0.937679
0.110465
0.618587
0.217036
0.328589
0.132504
0.292946
0.966664
0.198456
0.552613
0.844026
0.780996
0.706881
0.436689
0.511802
0.675947
0.301597
0.599492
0.553531
0.353829
0.714592
0.210789
0.924269
0.437835
0.053957
0.928094
0.670501
0.475480
0.669454
0.198037
0.554738
0.677236
0.675997
0.169607
0.375103
0.621073
0.040021
0.924893
0.242353
0.190856
0.323016
0.482859
0.451382
0.935464
0.371795
0.272178
0.312557
0.794530
0.317589
0.435266
0.501388
0.230548
0.833535
0.234618
0.871631
0.798533
0.943417
0.976785
0.374116
0.804865
0.467069
0.915465
0.827288
0.878536
0.238816
0.283230
0.632852
0.327704
0.292680
0.770131
0.950914
0.158044
0.874382
0.551308
0.124287
0.965114
0.345966
0.579401
0.459948
0.305197
0.550412
0.696983
0.975457
0.219369
0.663337
0.178992
0.564868
0.764381
0.754316
0.908790
0.032669
0.593020
0.505309
0.596825
0.746102
0.191958
0.217621
0.455944
0.234631
0.846362
0.061267
0.830260
0.311386
0.379025
0.584488
0.052060
0.746856
0.014842
0.435419
0.468536
0.419390
0.838392
0.422526
0.147249
0.231930
0.339904
0.650166
0.727582
0.336532
0.231334
0.320778
0.637532
0.774616
0.237341
0.622530
0.676286
0.590566
0.582993
0.109508
0.404744
0.315062
0.901729
0.995006
0.906279
0.014573
0.904375
0.627746
0.931542
0.830603
0.760349
0.189318
0.536898
0.641482
0.925597
0.536491
0.706095
0.774313
0.391311
0.284670
0.790923
0.141403
0.656889
0.974912
0.870089
0.579759
0.726452
0.986454
0.950331
0.201077
0.848198
0.296438
0.860861
0.443195
0.038446
0.552894
0.001111
0.287474
0.039727
0.189413
0.567134
0.933240
0.477048
0.735458
0.349949
0.246120
0.960461
0.199068
0.736255
0.963330
0.164966
0.132083
0.006087
0.443864
0.420329
0.805569
0.179343
0.268103
0.058303
0.500275
0.795094
0.790958
0.784306
0.635999
0.789231
0.282448
0.668544
0.948630
0.410180
0.092921
0.186266
0.257348
0.239407
0.609492
0.103059
0.070060
0.756612
0.123177
0.368825
0.229809
0.669460
0.852743
0.911743
0.852544
0.119013
0.131477
0.695506
0.990443
0.284390
0.635653
0.544503
0.806037
0.211211
0.544332
0.441399
0.691643
0.577511
0.767548
0.210383
0.316196
0.177908
0.981785
0.985175
0.427484
0.918203
0.560394
0.424114
0.265976
0.209156
0.622481
0.735759
0.218451
0.923299
0.762046
0.587238
0.517885
0.685466
0.785487
0.808389
0.038564
0.111665
0.572194
0.226188
0.284859
0.292538
0.690623
0.170759
0.310455
0.877261
0.081560
0.239547
0.529131
0.932097
0.433619
0.461180
0.932986
0.409428
0.314620
0.914540
0.418341
0.448507
0.740796
0.513658
0.690394
0.033049
0.128862
0.495716
0.819078
0.884435
0.500176
0.704865
0.610168
0.788277
0.465381
0.926340
0.463691
0.768059
0.010200
0.500572
0.116435
0.939348
0.208860
0.454101
0.607168
0.101679
0.398816
0.431563
0.609348
0.246792
0.258434
0.062616
0.107844
0.134915
0.657487
0.365953
0.293363
0.568579
0.687315
0.468652
0.797024
0.172607
0.300268
0.790173
0.430600
0.686929
0.485501
0.290007
0.868505
0.231196
0.878652
0.927308
0.316512
0.255125
0.197247
0.750046
0.015202
0.391530
0.310593
0.381738
0.851757
0.979084
0.826335
0.501354
0.139057
0.396928
0.640923
0.164402
0.535945
0.442868
0.353822
0.065831
0.751504
0.711107
0.734814
0.253226
0.953272
0.320452
0.644774
0.794742
0.001552
0.143857
0.148964
0.333386
0.952247
0.202795
0.835076
0.864292
0.681973
0.598712
0.996247
0.726333
0.768055
0.947749
0.766769
0.364172
0.136885
0.725833
0.295416
0.381580
0.427194
0.786079
0.524067
0.392661
0.102968
0.389802
0.506390
0.406002
0.409092
0.160434
0.454768
0.293648
0.820931
0.185581
0.720983
0.379386
0.363584
0.508654
0.678887
0.556258
0.739479
0.224796
0.738542
0.048773
0.103237
0.668703
0.109343
0.562043
0.752634
0.976533
0.615320
0.096189
0.205218
0.466474
0.272618
0.726617
0.218273
0.253976
0.239728
0.584622
0.449090
0.287901
0.394703
0.590427
0.060655
0.526370
0.366957
0.946001
0.772155
0.524305
0.758711
0.214850
0.117519
0.205259
0.526845
0.185513
0.849966
0.629549
0.086302
0.972862
0.265761
0.580320
0.012727
0.768201
0.313215
0.920389
0.316340
0.719340
0.383367
0.548148
0.798306
0.582929
0.189919
0.013979
0.645535
0.145243
0.039473
0.695184
0.058375
0.901202
0.747970
0.357389
0.944309
0.626249
0.608468
0.417812
0.239793
0.924378
0.101116
0.856310
0.162820
0.286409
0.807396
0.738508
0.847945
0.448924
0.461832
0.203011
0.391799
0.411566
0.810458
0.386782
0.723466
0.010432
0.261656
0.122674
0.738727
0.149291
0.049547
0.497870
0.395463
0.490296
0.139757
0.288156
0.561742
0.568983
0.727691
0.277659
0.143265
0.425626
0.981050
0.972359
0.685960
0.929251
0.440738
0.068367
0.261062
0.480655
0.930156
0.001365
0.105847
0.054061
0.232787
0.365493
0.462609
0.785791
0.457714
0.217104
0.213252
0.495705
0.562333
0.808598
0.724798
0.450689
0.274428
0.757756
0.469656
0.137820
0.039905
0.319179
0.401265
0.267215
0.889387
0.953741
0.389528
0.637486
0.765981
0.036075
0.928423
0.373181
0.371712
0.029864
0.401699
0.720001
0.350265
0.755099
0.720294
0.703564
0.922014
0.588895
0.199912
0.317398
0.749952
0.222371
0.185345
0.913300
0.163994
0.407082
0.780383
0.323804
0.356522
0.279804
0.360863
0.489087
0.618217
0.137780
0.685262
0.026644
0.198002
0.127758
0.189094
0.753720
0.851502
0.884139
0.571630
0.264243
0.717075
0.650420
0.767843
0.991357
0.909857
0.723255
0.748949
0.736892
0.909454
0.451981
0.277772
0.550822
0.678212
0.440325
0.160967
0.196659
0.827205
0.413468
0.444536
0.538626
0.833516
0.014470
0.108130
0.312498
0.755334
0.625731
0.677408
0.761869
0.763252
0.253188
0.495919
0.208520
0.041411
0.762434
0.362947
0.752807
0.655270
0.819284
0.981742
0.052099
0.482335
0.550222
0.806583
0.929627
0.359682
0.257713
0.820380
0.874887
0.834703
0.144362
0.342490
0.262605
0.919175
0.420329
0.078567
0.649223
0.758027
0.082387
0.384173
0.426636
0.462966
0.989080
0.213500
0.177636
0.643922
0.975306
0.924593
0.147055
0.461974
0.851095
0.366515
0.490570
0.773483
0.021836
0.165256
0.563425
0.474056
0.717529
0.168731
0.662365
0.342792
0.552504
0.554104
0.266768
0.110825
0.164841
0.078040
0.608449
0.838455
0.152230
0.976411
0.773964
0.533969
0.469927
0.759473
0.046530
0.306405
0.463689
0.665438
0.373627
0.439349
0.229121
0.233512
0.226006
0.228439
0.406066
0.322314
0.451236
0.510363
0.668426
0.587788
0.611242
0.291292
0.182043
0.550261
0.506773
0.216418
0.757238
0.737681
0.996203
0.685032
0.780582
0.056815
0.047702
0.223169
0.342688
0.452790
0.859880
0.027646
0.621528
0.015152
0.647866
0.748792
0.551441
0.281820
0.168368
0.617151
0.950482
0.619599
0.134864
0.164703
0.296903
0.142708
0.993409
0.031049
0.805889
0.824703
0.303909
0.000745
0.652893
0.256554
0.496761
0.154096
0.285374
0.938296
0.336033
0.821271
0.846801
0.272502
0.126022
0.028889
0.996254
0.675982
0.816867
0.970347
0.418244
0.328926
0.319542
0.340575
0.011625
0.467554
0.873067
0.525066
0.566260
0.990057
0.827506
0.884495
0.985729
0.435116
0.233401
0.033477
0.091898
0.905424
0.628153
0.545457
0.595633
0.114715
0.923971
0.870204
0.225915
0.117127
0.572728
0.588974
0.841845
0.148208
0.478412
0.250699
0.793996
0.427845
0.492820
0.000547
0.418579
0.619984
0.129828
0.514371
0.763670
0.705231
0.223549
0.304352
0.382758
0.692166
0.266054
0.196319
0.388385
0.470405
0.987837
0.536313
0.230548
0.994513
0.698413
0.568162
0.720888
0.729319
0.182428
0.922061
0.096424
0.183931
0.435281
0.644469
0.239341
0.712717
0.065145
0.715203
0.282876
0.897992
0.074922
0.577336
0.110464
0.897856
0.243864
0.531246
0.452167
0.272682
0.189109
0.589834
0.945260
0.243225
0.020042
0.506258
0.696386
0.288839
0.851780
0.106098
0.781110
0.059247
0.862567
0.287497
0.517966
0.989256
0.345835
0.827044
0.145600
0.366649
0.205393
0.944708
0.482586
0.893950
0.756134
0.179604
0.062214
0.647830
0.467697
0.973981
0.439366
0.052961
0.404599
0.439540
0.401010
0.309050
0.669918
0.180000
0.128135
0.366103
0.000002
0.810942
0.858169
0.004252
0.536687
0.973439
0.303763
0.873495
0.509679
0.357914
0.784849
0.995878
0.935707
0.086924
0.343478
0.461503
0.620604
0.882993
0.896501
0.128825
0.553945
0.611228
0.353636
0.185766
0.547160
0.838827
0.369817
0.810050
0.339524
0.086374
0.416705
0.330517
0.638753
0.199581
0.017254
0.628459
0.006634
0.455543
0.848681
0.695726
0.354593
0.610130
0.458216
0.834557
0.826077
0.776255
0.146593
0.557696
0.892556
0.047675
0.151878
0.759109
0.480598
0.669980
0.513020
0.556880
0.640384
0.133352
0.845833
0.117349
0.034276
0.013319
0.384995
0.788057
0.422085
0.304334
0.063262
0.705505
0.686605
0.855244
0.907148
0.196909
0.334658
0.778611
0.363323
0.914872
0.209513
0.393839
0.025546
0.997188
0.356442
0.255185
0.452526
0.429064
0.854777
0.242688
0.149675
0.216123
0.575384
0.073290
0.827191
0.871363
0.219126
0.255475
0.768466
0.180184
0.794963
0.676066
0.528996
0.040360
0.065402
0.511269
0.574872
0.590869
0.337870
0.179199
0.029726
0.098966
0.780758
0.100646
0.055820
0.002721
0.196536
0.089789
0.111546
0.116584
0.347590
0.954240
0.152656
0.518223
0.124229
0.797866
0.410497
0.181249
0.365597
0.732006
0.460660
0.346524
0.065663
0.147072
0.631112
0.583183
0.514557
0.000104
0.630694
0.744198
0.519813
0.987266
0.245524
0.075343
0.577371
0.807425
0.768228
0.656315
0.561475
0.595255
0.874240
0.746018
0.164830
0.283333
0.619749
0.298307
0.116873
0.485945
0.586771
0.784948
0.812482
0.130033
0.084125
0.740421
0.245993
0.231952
0.281482
0.909139
0.115027
0.529840
0.897777
0.738649
0.039724
0.046526
0.834398
0.980710
0.292889
0.539161
0.375841
0.364406
0.100110
0.457192
0.181672
0.438378
0.510643
0.018217
0.259407
0.351085
0.779198
0.130515
0.189987
0.770094
0.000871
0.966442
0.407229
0.569225
0.684382
0.034182
0.527764
0.280156
0.821196
0.048663
0.701206
0.818548
0.447215
0.421606
0.722431
0.642578
0.721208
0.334162
0.845846
0.356369
0.322924
0.927183
0.607522
0.874586
0.746591
0.482945
0.434733
0.381153
0.452720
0.839420
0.311349
0.869376
0.479944
0.550283
0.649615
0.462325
0.022592
0.858183
0.249252
0.016995
0.210077
0.529702
0.794418
0.451441
0.922377
0.929656
0.115856
0.202186
0.522809
0.923569
0.760837
0.357538
0.640852
0.218304
0.964478
0.625965
0.685711
0.578450
0.685335
0.459084
0.739119
0.836788
0.621467
0.573100
0.241971
0.277694
0.142594
0.859264
0.285886
0.671712
0.033738
0.582040
0.846320
0.620997
0.357511
0.978240
0.412839
0.777165
0.273404
0.424365
0.153617
0.221996
0.987041
0.089604
0.747988
0.926672
0.251621
0.408544
0.975894
0.639004
0.856959
0.368876
0.011545
0.406431
0.126634
0.414126
0.546599
0.666648
0.633536
0.733149
0.637199
0.379425
0.541868
0.970847
0.287360
0.848916
0.633756
0.054718
0.888968
0.409910
0.041910
0.938582
0.321925
0.178978
0.599346
0.331016
0.300661
0.759902
0.117283
0.348698
0.093152
0.207604
0.060929
0.664672
0.425265
0.469340
0.211024
0.196917
0.093665
0.534805
0.253485
0.886904
0.814488
0.578106
0.148603
0.813340
0.421233
0.606038
0.422473
0.759506
0.027048
0.267007
0.417966
0.801851
0.597640
0.404677
0.553979
0.346207
0.541262
0.256427
0.840400
0.386334
0.101833
0.047826
0.888984
0.050572
0.001931
0.954085
0.103950
0.545192
0.812614
0.159702
0.473360
0.568076
0.021955
0.983600
0.266352
0.291444
0.664915
0.809237
0.483917
0.716003
0.772502
0.071381
0.414490
0.399469
0.430996
0.063050
0.641837
0.708621
0.519827
0.915856
0.283043
0.723219
0.284213
0.855006
0.486173
0.179643
0.889503
0.719701
0.215431
0.189305
0.801027
0.523956
0.926168
0.029619
0.817907
0.557386
0.539499
0.429161
0.035610
0.842761
0.566618
0.979684
0.153339
0.502074
0.425358
0.354186
0.351607
0.059460
0.186365
0.252149
0.172668
0.230966
0.150261
0.214766
0.279487
0.830596
0.047738
0.820414
0.868325
0.406902
0.625450
0.324996
0.029494
0.665115
0.261476
0.636484
0.347525
0.934098
0.825365
0.056936
0.471570
0.635886
0.529567
0.305953
0.467119
0.438421
0.574046
0.225601
0.452546
0.441247
0.443851
0.633029
0.239745
0.414260
0.371340
0.390472
0.302252
0.154417
0.767381
0.009469
0.287584
0.227174
0.153237
0.095265
0.718375
0.284041
0.428748
0.500020
0.431954
0.049917
0.410843
0.986303
0.412183
0.218049
0.709856
0.354723
0.591069
0.992941
0.785939
0.422611
0.344203
0.994565
0.006727
0.620434
0.249946
0.266602
0.060875
0.935017
0.043445
0.153538
0.274768
0.694716
0.640559
0.265532
0.664900
0.557038
0.225987
0.100495
0.680582
0.398202
0.303271
0.806632
0.894587
0.979320
0.278879
0.503122
0.006769
0.380891
0.618428
0.505319
0.464175
0.839199
0.624958
0.828177
0.069292
0.598248
0.681646
0.380363
0.629415
0.472248
0.062399
0.674637
0.003676
0.690077
0.999371
0.596457
0.038374
0.551109
0.235157
0.771100
0.557140
0.896549
0.595958
0.549954
0.737856
0.438544
0.155139
0.894412
0.037253
0.202090
0.894241
0.577882
0.092212
0.062188
0.315988
0.922904
0.481184
0.672473
0.877134
0.724584
0.687069
0.826990
0.818983
0.666724
0.060291
0.999053
0.079467
0.339909
0.331486
0.289355
0.984616
0.974409
0.155284
0.123198
0.428106
0.807863
0.701013
0.262696
0.387322
0.112146
0.639257
0.862896
0.360945
0.225616
0.519096
0.557375
0.263356
0.118223
0.794449
0.169169
0.966966
0.874909
0.719988
0.321186
0.345228
0.852404
0.841767
0.392785
0.845367
0.530998
0.739034
0.454090
0.650574
0.483771
0.076878
0.858003
0.635008
0.108908
0.542397
0.322798
0.562257
0.900030
0.199015
0.820157
0.989071
0.224854
0.084881
0.832508
0.585957
0.139679
0.662843
0.122414
0.393301
0.195492
0.850173
0.702570
0.605089
0.399497
0.478578
0.687700
0.557862
0.828098
0.952497
0.581634
0.199278
0.882309
0.488729
0.653547
0.485671
0.527497
0.101824
0.770907
0.434778
0.292451
0.164083
0.038745
0.141291
0.556602
0.117185
0.408998
0.571720
0.268195
0.620836
0.022945
0.670014
0.412216
0.952121
0.894819
0.639806
0.665661
0.660083
0.180934
0.056314
0.238718
0.309782
0.468782
0.598028
0.186249
0.886992
0.185928
0.610555
0.262697
0.913260
0.997022
0.806433
0.505577
0.133198
0.830588
0.154348
0.221664
0.441534
0.385679
0.322294
0.872214
0.058386
0.550823
0.761741
0.643262
0.090204
0.742376
0.265436
0.319469
0.085407
0.619566
0.160664
0.018481
0.661801
0.688651
0.285280
0.338678
0.034776
0.984127
0.449428
0.343939
0.664682
0.218089
0.509738
0.672826
0.537941
0.259432
0.058961
0.378063
0.602418
0.054318
0.605980
0.315787
0.734564
0.624052
0.627511
0.835148
0.989336
0.355514
0.253148
0.767646
0.518575
0.666599
0.230198
0.871174
0.278178
0.736490
0.584787
0.857847
0.539795
0.080058
0.822577
0.432033
0.126515
0.415762
0.972599
0.334968
0.762300
0.313557
0.366802
0.524453
0.840828
0.921906
0.083475
0.060098
0.475829
0.958178
0.342292
0.617509
0.139342
0.160939
0.449945
0.524937
0.052514
0.262872
0.027185
0.623632
0.788702
0.107181
0.436918
0.317707
0.829605
0.795190
0.646495
0.510036
0.801574
0.493708
0.921406
0.846969
0.583954
0.499163
0.117050
0.278441
0.905244
0.080931
0.865601
0.735084
0.647556
0.945311
0.245856
0.688534
0.434283
0.933049
0.709769
0.816956
0.517482
0.838533
0.403741
0.001807
0.739913
0.054977
0.264706
0.198704
0.652162
0.271575
0.566978
0.339946
0.084184
0.721101
0.097664
0.797828
0.320755
0.783496
0.464492
0.268987
0.277910
0.356865
0.240934
0.577674
0.312396
0.690955
0.401887
0.879474
0.056765
0.643528
0.456721
0.013825
0.153374
0.279108
0.392836
0.234471
0.858990
0.531098
0.449501
0.266360
0.253251
0.977153
0.778010
0.740007
0.584245
0.408388
0.010264
0.710627
0.292975
0.221799
0.766085
0.203744
0.891641
0.070710
0.318624
0.947779
0.649131
0.824567
0.353560
0.292875
0.286040
0.789777
0.817910
0.523812
0.186593
0.199088
0.795768
0.835624
0.849753
0.287656
0.415693
0.487116
0.479076
0.169586
0.298650
0.450515
0.033569
0.058075
0.234661
0.856302
0.144796
0.866229
0.224345
0.110785
0.596260
0.999392
0.267962
0.051101
0.173376
0.988347
0.788889
0.861042
0.994584
0.007423
0.423373
0.429026
0.223470
0.602472
0.401658
0.470781
0.097497
0.697499
0.757903
0.757785
0.866731
0.383391
0.758281
0.024970
0.241533
0.642631
0.084565
0.712131
0.391559
0.347194
0.689820
0.015698
0.324220
0.883347
0.744181
0.080100
0.879449
0.931118
0.096149
0.369126
0.757473
0.684561
0.579418
0.665513
0.545318
0.620491
0.361815
0.866784
0.832899
0.018063
0.180060
0.185622
0.418139
0.635894
0.863857
0.343561
0.717637
0.070649
0.114731
0.241440
0.797971
0.474144
0.285657
0.556731
0.170711
0.871779
0.740036
0.654929
0.547577
0.514128
0.923710
0.533795
0.028945
0.988576
0.078202
0.843141
0.903884
0.622246
0.865011
0.465078
0.440510
0.971368
0.243272
0.674363
0.900534
0.785642
0.673248
0.280988
0.679512
0.983551
0.434543
0.830461
0.645449
0.165162
0.946334
0.159673
0.676960
0.238231
0.498414
0.005086
0.272375
0.223992
0.393731
0.810538
0.462988
0.429285
0.552568
0.736723
0.603995
0.019395
0.448001
0.330322
0.637726
0.613485
0.931963
0.493693
0.084319
0.377088
0.652989
0.591534
0.176274
0.841751
0.418428
0.551752
0.406886
0.930164
0.281258
0.137129
0.736007
0.576307
0.663114
0.268805
0.617370
0.102542
0.534858
0.377307
0.059173
0.133024
0.335583
0.270845
0.958206
0.845666
0.263548
0.849578
0.217240
0.298496
0.587041
0.167193
0.416039
0.986569
0.470317
0.043555
0.548036
0.402186
0.157757
0.221635
0.523984
0.346062
0.824996
0.696796
0.537766
0.011023
0.385370
0.278178
0.791989
0.461662
0.664504
0.459687
0.980237
0.561735
0.475027
0.678318
0.017275
0.755446
0.742409
0.195403
0.412925
0.982015
0.069867
0.092520
0.036543
0.372254
0.143208
0.897440
0.037136
0.720054
0.167827
0.904440
0.275955
0.107367
0.095473
0.778038
0.166086
0.644986
0.492916
0.501864
0.133492
0.052305
0.717988
0.110780
0.792413
0.237916
0.125606
0.472758
0.034819
0.554198
0.226299
0.464046
0.249455
0.652393
0.765379
0.624958
0.603383
0.843863
0.243838
0.840443
0.353733
0.951534
0.538286
0.389945
0.613876
0.305553
0.243014
0.592344
0.998532
0.954491
0.962087
0.154811
0.584969
0.970547
0.422327
0.732722
0.139647
0.768709
0.092667
0.146339
0.483923
0.331720
0.153775
0.199543
0.121418
0.684778
0.514581
0.214212
0.627533
0.998382
0.167202
0.487726
0.911488
0.976774
0.073529
0.815629
0.508626
0.395536
0.068701
0.526654
0.723887
0.622484
0.377259
0.573179
0.180793
0.622426
0.630802
0.345567
0.535431
0.293060
0.764794
0.434556
0.634066
0.517098
0.283198
0.053781
0.513625
0.177312
0.259054
0.386382
0.557679
0.940148
0.021514
0.713266
0.992178
0.931779
0.347697
0.748558
0.529900
0.760422
0.966780
0.872859
0.101144
0.028895
0.229291
0.883124
0.612820
0.049181
0.537773
0.614027
0.571003
0.173495
0.856059
0.252760
0.880698
0.023069
0.733655
0.526080
0.577657
0.147440
0.621810
0.558447
0.897499
0.660480
0.560656
0.590204
0.680904
0.180452
0.837407
0.181668
0.973657
0.180154
0.674018
0.556394
0.856175
0.802653
0.278953
0.897893
0.708654
0.249009
0.132985
0.931585
0.818302
0.649196
0.677028
0.782494
0.988665
0.029196
0.430167
0.769235
0.193840
0.325793
0.723542
0.284585
0.669403
0.438652
0.182536
0.581959
0.817373
0.726185
0.490062
0.082662
0.684138
0.968510
0.492171
0.111296
0.628538
0.322850
0.092125
0.645017
0.230535
0.981664
0.829990
0.593813
0.922332
0.492572
0.087029
0.694369
0.343787
0.465450
0.828592
0.627055
0.186630
0.230859
0.044329
0.296441
0.425849
0.615088
0.446118
0.736311
0.211853
0.362806
0.271830
0.623066
0.385024
0.049873
0.728911
0.050675
0.338016
0.683057
0.730817
0.711829
0.607760
0.248597
0.228156
0.468767
0.463003
0.297893
0.667806
0.916530
0.509513
0.275350
0.841093
0.393373
0.163049
0.194450
0.784017
0.357599
0.530283
0.748189
0.747627
0.740451
0.089465
0.066501
0.294625
0.158860
0.709080
0.674195
0.104882
0.339155
0.060072
0.998448
0.866115
0.270830
0.461191
0.665355
0.352088
0.984394
0.860165
0.647209
0.262055
0.214216
0.779041
0.797624
0.663339
0.539233
0.619758
0.688932
0.104351
0.396301
0.312971
0.601987
0.003801
0.607877
0.480719
0.916950
0.075432
0.665243
0.360580
0.266325
0.721631
0.786572
0.459594
0.606813
0.499058
0.597521
0.567557
0.761252
0.163000
0.632967
0.818362
0.981240
0.335815
0.661130
0.754809
0.280190
0.776506
0.863517
0.230153
0.980766
0.511658
0.135798
0.455176
0.473590
0.798918
0.911879
0.729423
0.326981
0.369798
0.218453
0.139271
0.853883
0.148862
0.483801
0.465513
0.593056
0.463951
0.645755
0.899720
0.388846
0.746100
0.789845
0.501320
0.216340
0.596037
0.395218
0.894074
0.869111
0.183845
0.068429
0.503628
0.001101
0.696646
0.045439
0.521068
0.922452
0.161470
0.967543
0.667652
0.631597
0.077828
0.145617
0.688847
0.856380
0.132017
0.981271
0.997197
0.643748
0.566676
0.665704
0.329677
0.304695
0.380602
0.058718
0.555384
0.466636
0.187691
0.612625
0.610547
0.365302
0.945319
0.854226
0.093125
0.358661
0.696274
0.627033
0.073389
0.196813
0.964846
0.045142
0.069297
0.115139
0.328285
0.397582
0.179409
0.805784
0.257976
0.533184
0.275155
0.050566
0.525120
0.028495
0.865385
0.416392
0.740235
0.392297
0.839213
0.268676
0.293309
0.523659
0.325029
0.642737
0.331009
0.482970
0.457281
0.950216
0.588809
0.446449
0.719948
0.374153
0.454205
0.029403
0.214884
0.338934
0.799134
0.774894
0.071996
0.948417
0.937341
0.313924
0.128731
0.906882
0.676874
0.304090
0.204924
0.119610
0.440445
0.006642
0.086878
0.974460
0.193048
0.067671
0.241064
0.044238
0.960161
0.446115
0.452315
0.567571
0.238331
0.184544
0.780362
0.479990
0.312831
0.493770
0.361741
0.715878
0.331075
0.279329
0.509056
0.957597
0.938878
0.581628
0.792731
0.249059
0.254704
0.014589
0.648323
0.596353
0.865319
0.542101
0.601157
0.235536
0.512909
0.674340
0.764067
0.742250
0.055006
0.154648
0.608748
0.655637
0.479859
0.861777
0.281379
0.051498
0.665902
0.486334
0.228672
0.223990
0.751618
0.320612
0.888569
0.394366
0.419631
0.757096
0.655820
0.370505
0.915742
