208
-54
-10
4
28
104
2
12
-48
44
140
6
-38
88
-108
14
-100
-36
-168
-148
-192
218
-102
-114
-40
52
10
30
82
116
72
-64
16
116
92
-108
-122
-36
98
38
-46
108
-282
-200
74
124
60
-82
-94
80
148
44
-56
-20
-156
-28
152
-48
-6
8
80
106
-120
20
-46
90
210
18
24
-78
-68
-64
-64
-162
-148
-112
-134
-10
30
124
-70
148
-118
-108
20
116
140
-58
104
-78
156
52
-24
-96
-108
38
24
38
80
-56
142
112
-170
-190
-80
-8
-64
-64
130
110
-96
-18
76
-58
38
-8
2
-80
-34
154
72
-106
-4
134
-48
-310
-52
-10
-72
154
20
-42
196
140
-8
-4
60
28
152
40
58
-86
96
-120
158
-108
-78
16
36
32
-118
60
-52
66
168
-90
74
-218
-16
82
-122
-52
-134
276
-50
-162
24
126
-44
16
10
64
190
90
-84
-116
12
-6
-144
186
202
-94
-124
68
12
48
66
-100
32
-38
-8
-120
156
-66
106
60
64
-26
134
-162
160
164
-94
108
-136
70
-142
-72
-112
104
62
-68
84
108
-44
28
58
-42
12
-196
28
162
-84
22
-18
-110
-20
-148
54
26
-20
-4
-68
-158
100
46
-30
36
98
-64
46
-38
-34
58
36
58
24
-16
208
88
-146
-100
188
52
14
-88
232
-78
-40
212
62
-188
-50
90
290
-254
100
108
-8
8
-110
164
-66
-228
-136
-162
66
-126
-32
-200
-76
-44
98
120
-48
-28
154
140
56
94
52
66
-152
46
-48
-24
-80
-92
120
-144
50
-96
-12
-62
142
38
-102
84
-50
22
98
-38
16
122
68
-28
46
-138
-72
46
-148
80
-82
-30
-76
-80
-104
84
120
-170
-104
200
-20
-72
14
40
-188
72
-128
88
-90
-146
10
-70
50
42
158
52
-160
56
-54
-108
60
-86
86
-28
-184
84
150
120
112
-90
-302
-36
-40
44
-146
68
124
-126
-88
-100
-96
100
-10
-28
170
-122
-90
60
42
-86
72
2
-212
176
68
-132
-86
86
-48
34
-64
-218
-98
-42
-10
72
-136
110
156
222
-24
-20
84
-36
-20
-236
46
104
-84
-70
20
-4
24
32
-90
-142
26
142
-8
-102
2
58
38
-140
-174
210
118
34
-20
-178
10
230
-186
-68
-14
-44
-92
54
-36
-96
-52
140
-160
62
18
-22
12
-8
-112
-178
32
-280
-8
44
58
156
66
42
-84
76
-186
-116
14
98
90
82
-28
-112
58
-66
114
-76
136
-42
186
80
-12
72
40
-80
-64
-30
-92
-44
-50
-2
-136
-12
-102
98
72
-24
130
92
96
176
24
30
8
-54
-30
0
44
-162
100
-2
-52
6
-40
-36
-220
-26
-8
-126
-50
158
-8
126
-116
-182
-84
118
146
-72
-92
2
-62
-14
-34
-258
8
-46
102
-52
26
16
134
-12
78
-174
-26
172
166
-100
-88
-70
60
-48
-136
-114
32
-154
4
106
66
46
48
202
60
36
-56
18
-120
78
-32
-126
58
0
96
-60
-14
18
12
6
62
-142
-8
18
140
20
-72
60
124
104
-108
8
-38
138
-128
10
-6
-78
130
34
-28
-120
-12
-22
-124
-20
-108
70
88
54
-64
4
-10
-24
52
52
70
-252
-90
-130
-78
-28
64
-68
38
-212
10
30
44
66
-76
-148
-208
-4
198
-10
34
-38
140
26
-90
-76
0
-36
-90
-162
-58
62
-36
108
-10
-28
-120
-154
18
-90
12
-10
-114
24
32
94
-60
48
-174
42
38
90
-48
2
102
130
122
-8
188
-26
-24
30
16
2
82
-108
-132
-4
-10
32
-4
26
182
-6
-76
-62
94
88
188
-32
-120
42
102
-22
50
-130
152
-32
28
76
120
28
28
-22
-70
-100
26
-36
148
130
176
-72
-198
18
-18
-102
164
0
-64
-20
-118
50
-194
-200
-134
-4
54
-110
-24
38
-116
-94
190
-72
68
42
-56
108
-142
-112
174
92
-106
186
48
-22
170
92
124
-10
-30
32
62
112
58
-104
-222
-2
60
124
-52
-100
14
-16
-64
-180
-76
-16
100
-78
92
-56
122
68
-96
-64
-104
-44
54
-36
-72
48
16
-120
-72
-56
92
182
34
18
-132
48
108
-82
-22
-114
80
-26
54
218
-96
-64
-46
-34
80
10
-128
-84
4
4
-120
-100
-12
-48
26
-22
60
-6
54
-52
120
138
48
-22
-40
-114
-12
82
-96
-78
-160
-56
152
160
-66
40
90
-86
-88
60
-72
212
-46
156
-36
-12
26
2
30
54
24
-40
-164
44
242
-88
-66
-72
120
-64
28
24
80
6
-102
50
24
26
-14
180
-158
-46
-102
78
10
-66
78
-72
24
24
-6
-56
-60
48
-14
20
-24
68
130
100
-24
-180
152
76
124
22
50
-10
-84
148
80
-132
140
34
-110
-4
84
-40
-166
184
28
-6
-68
-116
128
-28
-104
-2
158
-40
46
-34
126
-96
-80
-84
134
192
52
80
-172
-40
-130
188
-100
-2
142
12
-34
38
-116
-120
22
24
-64
-14
40
52
-76
74
-28
92
84
-34
22
108
150
-144
4
-152
88
-30
-44
0
166
32
-40
-22
4
-148
-76
18
-78
110
150
-60
-118
0
194
-106
-16
86
-122
58
-112
-2
64
-42
80
-8
102
72
-48
16
-14
-24
2
110
116
-64
12
170
-178
-186
124
6
70
20
28
36
86
-64
-104
86
10
-34
-26
82
160
66
-96
214
-44
-40
54
26
-96
176
102
40
-38
-148
-98
140
22
70
26
-90
170
-214
-36
-190
124
-70
128
-2
-4
70
-78
-98
62
-14
114
124
74
24
-46
-88
-50
178
-16
-2
2
50
116
-44
42
58
16
320
108
-182
114
60
52
42
-32
88
82
-232
58
182
-42
0
-152
56
-102
-16
-96
6
-40
14
96
-96
-4
44
170
60
-170
-116
-232
-42
-94
-72
276
8
220
42
104
-16
-68
-64
42
48
-60
48
128
-146
-214
-74
12
-110
48
50
18
138
10
0
96
-64
-160
14
-16
-244
-86
50
-120
-158
-16
-140
24
-136
56
6
-100
116
-12
-106
156
-20
30
-18
-18
238
70
46
14
-56
-78
-134
172
190
14
-58
18
-58
118
212
52
46
-90
-152
-96
134
98
-42
-38
-46
-24
-70
-98
-62
82
122
-52
138
58
130
60
-122
96
-88
8
-98
30
124
-18
62
-126
-122
84
172
-86
62
138
-8
36
112
50
20
30
-256
-18
-138
172
120
-64
170
192
64
-106
34
20
-12
48
-88
-48
60
-188
-32
42
-40
-34
182
-128
24
0
-14
52
-96
18
-38
-124
-160
-6
-52
26
338
-76
122
108
102
-130
-14
-120
-76
14
30
-176
-100
-76
62
-88
92
-176
-62
-30
234
-84
86
30
-62
72
104
62
-98
180
72
110
22
-16
20
120
196
4
8
-152
150
-32
52
54
-52
212
80
-60
116
74
-176
-10
172
78
-4
-22
-118
34
122
102
74
-220
-28
66
170
36
92
48
0
30
-46
-62
-188
-56
-144
-112
72
-8
8
-48
8
4
-8
-38
-150
-56
100
154
70
92
156
130
-200
-156
74
-6
-44
28
-38
48
62
122
-58
-96
-60
-66
-104
84
-46
106
-20
-180
126
44
-168
-6
-84
34
-48
108
88
34
-66
-182
194
94
-158
-52
8
24
-52
132
154
80
84
-84
32
-62
70
18
92
6
-114
-200
78
-222
-4
190
-42
-6
-22
-96
-128
110
-48
-32
108
-88
44
120
38
-8
-6
60
-262
-18
-38
46
22
-138
248
22
28
-234
-128
-44
72
54
4
64
64
-30
4
-76
-4
-146
32
-100
-98
66
14
88
-50
-102
-22
-70
-8
-104
-136
-20
-168
-18
104
-120
-8
28
150
-102
70
-160
206
-86
-16
0
-164
90
12
130
-118
-186
16
-188
42
28
-8
48
-92
-62
206
-16
-50
-164
-10
102
-152
-210
12
-76
182
6
72
-96
12
-122
-164
-26
148
-10
66
-90
144
70
148
-10
-46
88
-82
28
-2
54
-170
72
-262
-26
-16
-246
-60
-62
44
-28
6
-204
-204
-94
-176
82
28
176
-150
-8
144
80
-52
188
-232
-2
-16
134
-114
-68
48
98
66
42
-26
-156
-130
-166
-32
-74
-94
-202
-148
-50
-84
8
206
142
-66
-188
-124
-194
-40
22
162
94
32
44
66
-48
-68
50
106
38
46
-44
-4
-64
262
32
-92
-184
-68
18
134
142
-144
84
-40
2
-106
-64
-42
74
-42
-14
-68
-20
-54
214
-22
-36
-160
8
-120
24
-4
22
-146
120
-14
82
-54
178
-6
56
10
-174
-140
-108
30
86
-168
40
-24
-148
-206
160
-8
90
68
-60
4
108
-38
-42
0
-224
80
-76
122
-40
74
22
116
-32
60
12
160
-48
-58
106
-164
18
-58
116
122
-4
168
80
2
138
-28
72
0
-92
-4
-6
186
-24
-34
54
70
24
182
-108
22
74
116
78
-24
-114
38
-28
-2
-178
-32
-116
112
-108
-10
-24
-118
38
-8
-12
70
18
62
-76
-180
18
-38
158
-4
-160
-30
226
44
112
34
-120
166
32
152
-98
-280
0
-126
-96
148
-102
128
126
-100
-14
-174
-56
186
112
40
-48
90
94
-114
34
22
-10
72
-18
-6
-214
88
28
116
10
-28
4
-34
-20
110
26
-152
50
44
36
-146
-78
-90
30
-70
36
-188
-36
114
14
16
100
170
58
-124
12
-12
14
-116
-50
0
68
32
146
0
132
152
-56
18
-42
36
-28
-44
-96
-82
22
114
-88
-60
-82
94
10
118
-84
-10
68
-198
82
-64
-24
30
72
-8
78
82
-18
42
-30
-188
-8
16
-76
6
-24
8
-116
16
6
46
-68
-44
-70
50
88
88
34
-14
228
34
130
236
26
-42
20
54
134
-92
-218
60
-38
0
16
22
36
-6
96
-80
-110
132
138
202
140
20
14
16
-80
18
68
-112
-6
98
144
200
-52
-114
130
-30
-86
10
82
-114
-60
146
14
102
-66
-20
-98
78
-88
-28
-144
-52
-2
-86
26
110
88
-106
118
-122
80
-184
-4
-158
88
22
6
86
160
-60
-2
-152
8
76
42
186
-8
82
-130
78
26
-84
-90
18
12
-90
16
92
48
-92
4
30
-6
-110
-134
96
-160
-68
-184
-100
172
-140
34
72
-236
-128
212
-28
-128
62
146
24
-32
42
-150
142
-110
-4
-44
-124
26
92
-114
-30
28
-2
-24
-134
90
-106
-14
-16
22
18
0
-10
-120
132
-116
-6
8
138
-20
66
150
24
-138
-196
132
-156
-160
-34
-6
-48
-16
98
-54
-104
-148
-46
-56
44
-48
58
-2
64
-46
20
-136
-236
-46
26
294
246
36
56
-200
26
6
-24
22
118
-70
78
14
24
-18
12
158
126
-70
198
116
94
-28
10
-54
-94
-66
74
-24
-88
54
6
156
96
-20
-24
78
-98
-22
-2
0
16
-20
-130
120
108
-110
-106
-218
22
-44
-96
22
28
78
-90
128
128
138
40
78
-102
-110
10
108
68
-50
-54
-114
48
-156
100
40
-72
-12
-42
28
40
-12
-82
36
20
-48
52
80
-100
112
-12
6
-32
-102
-116
8
-48
-90
16
124
-90
-70
64
-62
-52
-44
-118
76
-40
12
-162
-212
-164
70
-100
96
-58
50
10
94
-44
-18
-82
126
-18
-86
84
-64
-8
-76
210
-8
86
8
-154
-80
-8
158
168
-48
-60
-38
-138
26
-178
-100
146
74
96
-42
34
-124
-96
88
104
74
86
22
-76
196
48
-38
136
-12
54
-50
-64
-64
28
-28
-162
126
-102
-20
-196
86
0
-112
-70
-48
-174
-70
-204
-68
-26
-150
-126
82
-66
-188
212
-180
22
-6
58
2
-30
-52
188
-150
-34
116
112
-10
-142
-46
26
-88
90
-144
148
-38
84
90
-118
44
24
-104
-124
82
92
112
-76
12
6
56
166
-36
60
142
86
120
-114
10
138
-74
-88
-42
-8
-206
-170
-178
-24
-10
86
188
154
36
-12
80
-158
62
-42
10
-136
168
144
-12
42
-32
198
10
-30
-42
84
24
-74
-18
200
28
-50
26
-78
-138
-112
84
-16
150
-88
80
-2
-66
106
0
-60
186
30
-78
-26
-48
224
-84
22
0
-2
-118
-20
150
66
162
88
-28
-158
-178
20
-134
28
64
98
78
60
-84
-8
96
-50
-18
-36
80
66
-116
-42
-78
-16
-10
128
-110
-46
24
-18
-4
-88
-90
110
40
-72
20
20
12
18
166
-138
106
-292
32
-150
-138
58
138
32
-170
22
30
4
-150
0
60
-240
44
-60
-22
66
12
-54
56
-66
262
-60
220
-108
40
30
-6
-8
-44
178
26
-46
144
46
96
-38
84
50
52
-54
-50
-6
-68
68
94
-100
-124
4
182
268
132
48
108
8
-116
-76
-106
-40
208
26
-54
-150
158
-54
182
190
-62
44
-76
74
-122
156
72
58
-8
118
-90
-94
86
110
-26
-76
-54
-8
-140
-88
48
-72
-26
66
120
0
-48
198
164
160
-64
-94
74
-30
-56
-18
-94
116
24
-114
-82
40
-42
-28
-20
-36
-4
-20
70
70
132
40
-36
54
156
0
-24
4
-204
100
234
90
-96
-18
-132
58
-122
32
86
-134
96
-122
-62
-24
100
14
128
10
-154
-190
236
0
-30
-68
-80
136
228
-58
-14
-100
148
98
74
128
-72
156
38
-92
-86
-86
126
-134
-2
8
-152
120
62
-196
302
44
-58
-86
-202
-48
-326
106
14
66
-26
84
-66
24
124
52
-30
-242
4
-16
-60
-46
6
46
70
38
2
4
136
-66
44
-160
-116
42
186
-78
72
-84
-60
-228
-18
108
-24
-10
-44
64
14
-104
20
-170
74
-12
24
56
12
140
-94
-82
-120
-14
250
-122
-136
102
200
-16
10
58
-30
132
-110
-170
40
-78
-176
14
-208
8
22
-186
16
48
-122
-106
-72
254
-96
70
-98
-164
34
52
54
-8
-218
54
-174
2
-2
-74
120
-72
-30
16
32
238
124
78
-132
-126
-102
-52
-84
20
12
26
12
-58
-8
62
74
-90
-160
0
46
12
-96
40
70
-18
-2
-22
-20
4
96
6
72
-182
18
22
-238
-10
54
50
140
-102
88
-44
14
-4
-108
172
6
24
82
30
-108
-94
-68
74
174
68
14
26
54
112
-12
-172
24
-18
12
-4
126
22
-90
-30
60
18
62
92
58
106
-4
-152
18
110
-118
-166
146
-112
36
72
14
-152
-48
162
-10
-156
-72
92
-54
70
142
110
-64
78
-66
-172
-166
68
-66
-42
-108
16
-94
104
-64
-16
10
76
90
-116
0
-12
96
-272
36
-96
-40
-36
176
10
-4
-50
-160
8
72
-64
106
-190
26
106
70
48
58
-8
-14
-162
2
8
40
-130
234
42
8
12
36
76
124
88
16
-128
80
-150
10
62
2
206
-22
180
-190
-82
-14
50
74
-18
116
216
14
74
-72
84
6
-8
322
-2
8
16
-38
36
-22
-124
-100
174
-2
-106
94
30
96
-70
212
-90
86
12
-68
46
128
-52
-48
8
-224
180
84
-36
-28
8
140
60
86
-56
-2
-180
-122
70
8
4
156
26
-32
-84
-8
192
-50
-22
114
-152
-212
132
180
78
28
-42
-10
98
-102
-120
-124
60
-198
38
-64
-80
126
-96
46
72
-254
-74
324
-8
30
94
-32
16
-10
-42
170
-108
56
-70
42
82
36
-24
4
-194
-94
66
-8
-54
-2
-124
-66
-86
24
68
-40
-42
210
-50
104
-118
90
-2
-100
-184
6
2
88
-92
18
60
-66
-142
32
10
20
40
-24
-70
-52
-4
46
32
48
0
128
42
122
22
-8
-342
92
20
50
26
-14
-44
22
180
-18
104
34
26
106
104
78
-126
42
-168
46
8
66
-8
-56
-28
110
-14
-164
56
-104
-222
-16
-136
160
46
206
122
-86
-14
-244
128
-202
30
76
122
-50
-96
34
134
-126
-86
16
74
106
190
26
16
-148
84
-52
-50
10
38
-70
-194
-26
82
98
-8
236
192
76
-46
-64
216
84
22
-54
-14
-12
102
178
-136
26
-84
-90
-80
-70
118
-20
164
98
116
-68
-64
90
34
30
104
50
-78
-150
-6
62
46
144
-58
-60
62
56
74
206
-68
160
-84
-110
-54
216
-12
-36
322
-106
-8
24
332
186
-102
-2
178
160
46
36
-32
-120
178
-8
-28
74
-12
-36
70
-118
4
-38
-16
84
-46
40
-18
-64
-46
-126
44
124
42
-214
-58
12
-62
34
-32
56
150
218
-62
-72
-42
130
-54
-2
-34
140
258
34
134
-20
34
80
20
134
-126
-108
132
-22
110
6
-60
62
26
-10
-52
120
10
128
44
2
66
176
-16
-90
132
-148
-48
-10
-102
198
-84
-108
-84
24
92
44
-134
42
-124
-132
114
26
-32
126
82
24
94
-104
64
-44
-4
-18
-98
-128
12
-26
16
202
22
-94
118
42
162
-72
-86
-194
-42
-120
32
18
188
-52
46
4
-74
-110
-124
-60
-130
184
22
30
-8
-102
-90
-38
166
0
90
76
-84
-54
-6
124
-100
-64
4
-134
58
-74
-96
134
-52
108
200
4
-192
-12
104
-96
-110
-4
-122
48
98
-24
36
-180
-6
54
42
-98
50
-4
-28
-50
-154
-166
150
126
-100
-118
-200
-22
-16
-38
-76
66
-6
-86
38
-2
-22
70
-28
-66
24
60
-60
-86
14
10
-86
36
98
156
2
90
116
126
-154
-174
72
86
70
50
-102
-36
-44
-38
-164
-96
-126
74
-20
134
-68
-112
-210
18
144
2
34
-46
-54
94
-104
82
-30
58
192
-70
108
150
132
108
-64
28
80
88
-88
94
12
-260
-40
178
-68
-8
78
68
26
230
2
-172
-56
8
-100
-12
-102
0
-48
86
8
-76
-26
64
-62
-14
36
20
2
-28
68
70
8
16
-36
162
54
20
38
-48
-74
128
-12
-32
-156
78
-102
-118
8
-60
-240
90
34
106
20
-196
-78
110
-52
-10
0
-114
-14
120
74
-12
-106
-118
-16
102
-48
-42
256
-14
30
10
-14
-12
-94
24
140
-58
-192
-80
-6
34
118
74
172
-112
-44
-74
22
-216
-88
30
-234
170
-122
-120
26
-32
-124
-10
28
-10
96
-34
34
-128
236
-74
-22
-94
-80
78
188
-62
66
-124
4
-134
118
-38
-74
-62
138
-18
-58
-102
-26
88
-82
-188
-32
-78
138
72
-230
-120
-4
-128
-14
68
40
58
102
-48
-206
-172
-40
28
-128
-32
102
-44
212
-62
-8
132
-46
140
194
-116
-106
156
30
-42
-104
-110
-102
-72
102
42
-132
30
146
158
64
12
18
114
-104
46
148
6
-72
-174
-24
-96
-20
60
24
-152
2
36
150
-184
-12
42
4
-246
-120
60
-28
50
-28
44
92
78
96
36
266
16
112
-6
54
116
68
140
-74
-38
20
166
216
-2
38
130
-104
-160
148
-40
134
-60
-128
36
-122
240
0
-12
62
-92
58
-10
-246
-38
138
76
-76
68
38
60
-48
28
-82
-8
-20
40
-32
-40
158
110
70
-112
-108
92
34
74
-20
-188
58
-104
12
-156
138
114
66
116
54
-64
-116
-24
-192
36
120
-196
-114
-20
-4
66
-174
-52
36
-30
-52
-32
-126
6
-44
96
-6
8
-6
40
118
72
132
-60
-146
-58
30
54
-10
48
-74
-164
64
-72
-166
-24
-14
-188
134
-128
-14
-48
-168
-74
214
-66
-122
28
46
146
-72
66
-68
-14
-122
-144
106
66
-24
-28
-164
-30
32
34
-110
-350
98
-112
-100
-102
266
56
-76
-136
68
-70
-42
142
-120
30
-196
34
-56
-34
214
-10
2
-42
70
-284
98
106
-76
-70
146
-10
50
96
28
-162
210
-176
166
-152
26
52
126
-118
-108
-74
20
-86
-66
-98
104
-64
-66
-106
76
-172
112
-92
-90
46
52
84
-90
-44
52
-102
-2
-210
66
106
-16
-200
-52
-104
20
-134
2
90
-232
26
46
-2
34
-2
-8
-220
-114
86
-276
36
80
-66
-66
96
-14
190
-22
-132
154
-8
92
-94
-84
-134
120
26
92
34
-68
78
-30
-10
8
-120
136
-98
-76
-120
-78
-8
-76
50
-96
-20
14
132
60
-174
166
-266
-88
38
184
-24
90
44
18
194
-120
72
94
-94
62
-184
4
6
-48
110
-60
-26
160
-18
170
-106
112
-84
92
-192
220
-78
52
-86
-74
94
26
-140
-188
80
2
134
86
-68
-48
64
-66
44
-242
-26
-70
58
178
-52
-108
80
-72
14
-142
-4
-138
-32
38
-34
32
-46
114
-76
-14
4
-6
2
-110
-50
-208
-66
88
-34
-198
-16
-86
-162
74
-92
132
46
-152
68
-14
-98
-10
14
-120
-178
14
70
-222
26
-56
48
-72
-52
52
-44
14
34
-138
110
-60
32
114
22
20
-96
112
90
-20
-202
110
-114
-186
-62
128
-132
-52
110
-30
-44
-22
-126
-2
-98
80
66
-56
190
60
54
-54
22
50
-194
-82
-52
-110
-162
-112
14
28
106
-72
-144
-64
54
126
106
60
-64
94
44
160
-52
84
-90
-32
34
100
34
-68
76
120
-20
-2
-92
100
50
32
0
-82
-122
106
116
-124
14
-18
-48
-134
-30
-82
66
0
10
-42
144
12
-20
-114
-32
-192
-50
76
-56
-158
62
-80
-296
62
-98
-34
24
-50
-46
-32
-18
-78
34
-76
-60
28
78
262
46
-96
-2
2
-88
10
210
-40
14
0
-20
-126
-58
-86
78
-2
-18
-42
78
-80
132
22
-18
74
26
28
-46
-126
74
-192
28
54
42
76
-2
-56
30
30
338
72
-2
-126
128
48
48
248
-56
174
86
6
102
-326
-148
48
112
68
100
34
66
2
108
2
44
-204
6
220
104
42
-22
-98
26
34
142
96
-16
140
26
12
114
-78
-14
-26
144
-166
-28
-118
50
62
2
-28
10
44
144
-88
6
12
-120
6
40
-118
176
0
-40
240
-156
46
10
100
44
20
-6
6
-64
120
116
-12
102
88
62
268
304
-38
-106
-120
-14
88
284
-86
22
46
118
-72
-28
-136
80
2
28
112
106
46
-136
-12
-70
-90
-34
-162
180
-112
164
-6
-196
96
-12
36
-12
-8
-328
2
-8
10
68
-24
-116
-22
10
0
52
-190
-58
130
64
86
0
120
90
144
-82
-50
-76
-10
-116
-20
56
34
-2
-98
144
-40
46
-260
160
-44
130
-46
152
-32
2
-32
42
-10
-116
-18
112
-172
122
-104
36
-8
-94
-146
54
-136
-120
-22
-22
-130
-86
32
-10
0
-124
14
-40
-108
-82
-58
64
-100
22
112
100
-34
-62
2
36
-44
58
-110
-42
-48
20
-66
84
-102
-20
-132
62
40
-72
70
-26
50
-22
-20
-54
-76
60
116
-66
-86
76
152
-142
-110
-38
26
-46
-6
-10
-50
204
-22
52
-70
-116
6
12
-96
30
4
186
12
264
-120
-14
28
18
24
66
94
-72
104
148
64
-84
2
52
10
-50
136
80
-152
-82
-40
6
-60
0
-80
-54
-170
-52
92
-180
-146
-126
30
-148
-92
-74
28
-130
134
-66
-44
-14
20
-16
-46
-76
104
-56
160
22
94
102
-42
56
278
-30
104
52
-214
-86
-62
-186
-118
-82
30
-122
34
170
-130
212
98
12
234
10
-26
-52
-104
-42
-16
-114
-98
112
-112
58
-88
-16
-60
192
-52
-110
164
112
-130
-188
-30
58
-232
10
16
130
180
24
150
-24
-104
-8
-218
-132
88
-144
-96
34
88
12
-106
-44
10
70
-28
-48
174
-186
216
54
102
172
42
-82
74
-46
-4
-16
-50
-76
2
-198
78
-162
188
20
88
-114
44
-2
-44
-132
64
-196
-50
120
24
-90
40
-80
158
-148
-70
-2
20
198
-38
38
-104
-154
-14
-74
-84
-102
50
92
128
-154
-28
-34
-102
68
-84
-82
40
-36
-6
-92
78
-32
-240
76
-86
84
8
54
-86
-102
-26
-4
-2
4
-76
-46
174
108
-110
-14
66
-194
24
118
-82
66
100
-42
-14
56
-44
-52
-8
38
-140
-46
-24
30
-26
60
-70
124
-32
144
116
46
-162
78
-176
-28
-98
-26
40
90
32
-110
174
94
-152
12
54
38
-78
-14
-78
54
78
-152
-14
-56
-106
-152
38
-100
70
80
-30
-214
-8
-94
32
-46
-62
-24
278
-76
128
-18
16
170
196
-24
64
-186
-22
54
-130
46
-24
-18
0
-180
0
-6
-110
150
108
-64
76
86
68
104
-46
34
58
-10
58
2
52
-126
-164
88
228
14
108
64
-18
206
-44
-6
-70
-48
8
-124
-128
-42
-64
56
-86
146
34
-34
-90
78
40
-82
-114
-54
146
-124
-108
-102
24
88
-22
2
40
64
-230
-124
136
-146
-38
-116
-42
-116
168
110
64
-38
110
-68
88
-112
10
108
-28
30
-52
-24
82
-18
22
82
-136
-34
42
26
-122
-84
-216
64
-34
10
22
-62
-120
38
-264
-114
6
62
-52
-26
-38
-62
-148
-70
158
-6
164
-134
-64
190
-148
-6
244
-180
-38
-12
144
-30
90
116
44
-18
-16
-196
-64
-22
-42
-90
-4
-6
-98
168
20
-100
-62
26
-10
-78
-76
-60
-60
56
-218
62
-12
36
-10
16
-76
188
-32
38
-64
80
-110
-150
70
-4
90
224
-118
-152
-50
-28
-66
-18
-32
14
-196
-46
26
82
56
-48
30
34
10
-204
-36
-104
-92
136
-30
-44
-64
50
-50
-22
52
34
8
52
112
4
-28
-26
-98
-92
-28
-68
-74
-60
36
156
-32
-110
106
142
34
-124
-136
-56
-74
-216
-106
116
76
22
162
24
174
70
172
16
-64
-40
130
242
98
-34
122
-50
92
-86
96
148
-168
-114
-104
-68
2
-74
-106
48
-154
-34
12
84
-92
94
178
-38
-12
134
-64
38
-56
102
14
-26
-142
-36
180
120
38
38
-48
-2
-98
78
82
-104
42
66
10
-150
-8
-272
-98
108
2
-48
38
34
-80
-4
-80
-154
-6
80
-16
46
184
-136
98
-102
118
96
-104
-16
-182
22
220
34
34
-98
12
82
12
-192
-54
-14
128
-98
132
112
-60
-64
32
-120
26
94
60
-12
-20
-132
66
4
-86
-80
46
16
-78
-100
36
-60
-62
138
12
-226
-132
-224
20
-32
-304
-32
-68
186
-76
-8
114
-86
-344
-20
-154
-68
-88
110
102
14
-8
-58
126
70
78
-108
-66
40
-18
-64
-138
96
-30
-30
-260
0
-72
-120
-194
98
-72
40
26
-98
-10
48
24
38
80
-80
-62
-80
20
34
-184
-66
-174
112
-66
-84
112
-152
118
-50
-90
-58
-198
40
66
-28
-166
120
-92
284
162
-30
0
132
-138
112
-6
-64
86
86
178
114
10
168
120
-4
-74
-54
-128
280
66
2
-26
-36
138
14
-120
-14
-4
76
-168
-164
142
14
-124
46
20
96
28
-142
212
-76
-70
84
2
138
2
168
42
102
16
-86
22
-124
-78
24
-106
-20
48
24
76
4
-82
18
-36
-194
-46
-24
236
-90
166
82
4
86
-106
18
-142
146
28
-104
-22
-152
38
14
-28
-8
98
132
-156
72
36
170
190
-182
98
-4
-108
-76
114
-136
-98
-100
-4
116
22
124
194
-298
170
-14
-154
8
-42
-70
-20
-114
-56
-122
-116
-62
14
36
-168
20
-156
-76
48
-6
160
204
-30
-72
154
-78
28
118
282
6
-70
-122
-12
-100
-62
24
64
-34
-30
170
-16
162
88
98
220
30
24
-116
290
66
110
32
96
-266
60
66
-44
-12
94
98
0
-70
-62
-36
-70
-106
-76
158
108
-90
-92
-66
18
-76
-120
44
12
-94
48
-78
-176
-284
-114
-100
136
-74
-8
68
-84
24
26
214
122
-60
168
-236
124
18
94
-36
100
216
-68
-168
-26
34
8
-102
6
-72
-106
18
68
-14
-70
-116
-12
172
112
-128
-174
148
-8
-20
-28
-158
-92
-42
-72
-24
-110
-52
126
-24
-62
20
-140
18
6
-36
-54
8
-96
164
8
124
-8
142
74
26
-144
88
-124
-12
-76
-32
-36
-46
-82
40
184
188
-236
132
-84
20
58
-18
30
-20
22
152
186
134
-192
4
-76
56
120
30
-100
-56
-114
92
110
122
-82
-134
-26
52
82
88
234
-56
-176
-58
12
86
-112
196
-32
106
-72
-32
-326
-16
34
-58
18
30
-28
-48
42
18
-30
164
20
42
76
262
-100
10
-30
-144
40
-132
56
106
96
-152
26
-210
162
78
-140
-16
-90
-154
-68
18
66
10
204
78
46
-20
116
-156
-50
100
52
0
-48
-168
-32
-150
52
74
-14
-24
-32
20
130
12
-56
10
30
160
-98
100
180
-60
-110
130
154
238
92
-48
44
-182
-46
44
4
-58
-138
32
4
8
-140
174
114
22
114
-222
6
74
14
-90
-112
-74
100
-188
48
-40
34
242
34
-44
42
20
14
44
106
-94
124
86
-94
-120
-20
-22
-128
-240
-2
106
50
-26
-70
82
-64
78
60
-50
-82
122
176
88
44
42
18
-126
18
24
258
-212
2
-90
-22
-68
24
54
12
78
100
-80
-86
-88
52
-226
130
-16
184
58
-26
-76
-86
-56
-86
-86
-16
124
20
146
-10
78
-182
50
-54
134
12
54
-34
52
-54
-16
-150
116
-116
-8
-6
84
-78
76
-42
-26
-12
-118
-104
92
146
-4
-20
-74
-22
66
96
28
82
-24
-62
-238
76
122
70
-136
-6
28
44
88
34
-54
-138
60
58
-52
-24
54
132
-16
-294
-72
68
-70
38
94
10
110
-150
-24
30
120
54
-20
-84
-128
-128
176
-122
-54
74
-18
-34
-154
16
-62
-188
36
36
6
-14
-26
-6
-134
-118
-22
74
-36
38
64
-156
16
-16
-58
-126
-108
20
-254
52
-60
22
-50
98
-54
220
106
84
6
66
-188
58
10
-76
-12
-118
84
160
24
98
-14
122
100
154
-20
-232
22
50
32
-14
142
34
-130
-100
-32
-82
32
-84
132
96
66
182
-82
106
-50
-160
-98
160
-88
216
-16
-8
188
-108
126
216
-54
-78
-18
-6
-128
-54
26
-50
12
-42
54
44
18
-58
22
112
-176
252
202
-36
-88
-40
108
-72
52
-136
16
-56
-94
64
-164
94
-46
-18
-92
-64
96
-6
-92
50
-118
-26
-178
24
14
26
-146
168
-4
186
76
98
-48
-44
-150
58
-80
112
14
120
110
82
-128
-148
78
-102
-114
-106
-14
-136
76
-56
-104
60
94
6
-38
18
230
96
-160
-162
20
-20
44
42
-6
-100
-16
-130
-170
-110
-54
152
132
-86
-30
96
80
-20
-12
98
-34
-30
-80
-130
-70
4
-78
-14
34
-14
246
118
-142
4
-48
92
62
122
94
-2
-138
-54
-28
-36
58
-126
-180
-102
70
-128
-106
70
192
-64
-60
-26
82
62
82
-66
-14
38
146
-60
-170
-108
-18
-72
-88
106
140
-94
16
32
16
74
164
-18
-68
-92
148
132
-82
154
-120
0
82
64
-10
68
110
-118
-90
64
10
-82
158
38
158
-120
194
172
94
-90
-154
148
18
-96
64
-78
106
30
-36
112
-44
148
170
-70
218
66
0
-106
-158
-82
96
-48
-170
-22
-30
166
-84
-8
42
-228
46
140
-90
160
-156
-150
-142
-234
132
24
128
26
-110
22
58
-74
-126
32
94
118
-6
134
132
-94
-26
12
218
58
64
-88
-62
132
156
26
106
-24
-16
-76
-12
40
12
-98
-6
-60
-44
-146
106
-82
-94
-136
66
-100
-48
58
-214
44
80
16
42
-70
58
-150
46
-8
-58
38
-214
76
96
-56
-68
-70
24
-68
94
0
64
-8
-62
-208
110
174
64
-28
-100
-42
74
92
42
212
44
8
40
-130
-216
-18
124
-88
-212
-6
138
164
-104
64
178
-144
94
52
-26
-258
-40
-92
68
4
88
168
64
140
0
72
-2
110
-10
52
-146
106
16
58
64
-32
-96
-30
18
-2
76
8
-14
96
-78
122
84
98
-54
-132
-120
-152
22
102
14
-4
30
-52
-100
28
-86
-30
28
8
-54
54
86
10
208
118
118
-184
152
84
-72
52
0
24
138
-86
62
86
72
-6
-64
114
-70
56
-44
30
180
252
46
-18
-28
168
72
-4
-158
56
86
40
-108
-120
-144
-28
10
-46
-148
-82
26
124
-26
242
0
-78
114
-132
10
174
-96
-78
-16
208
98
94
200
142
8
-78
74
-118
-82
142
-18
-82
-34
-64
60
-196
204
22
62
-18
-84
-212
82
-38
-134
14
70
-54
92
-130
-16
128
46
-48
164
60
-102
8
-28
26
-34
102
-166
-42
142
-94
-74
-80
-12
192
104
-130
212
82
88
92
-96
72
-222
28
-124
122
-134
108
136
254
98
60
42
10
258
-42
-58
192
-128
64
92
-136
0
-100
-14
18
80
8
-86
80
-90
34
134
32
62
24
76
-132
40
82
126
56
110
-70
-146
-132
-198
30
-84
-22
-56
-28
-124
238
158
-24
76
-144
138
18
-128
144
92
94
-32
72
20
32
-12
-122
224
-16
-72
26
-44
-56
24
4
22
-32
36
54
-116
-84
8
156
2
74
32
-28
-2
-34
32
-12
36
-56
-10
-264
82
46
-4
66
88
92
194
128
40
78
32
-54
-54
-90
54
96
-46
20
148
78
-96
108
-36
-72
36
-210
84
-38
-118
154
-180
82
192
-18
-2
-136
-50
-4
-70
-140
-114
-10
-4
94
-88
-10
-98
-202
-34
58
4
4
110
-38
-122
-124
-140
50
80
-76
46
-34
-72
-52
198
234
-78
36
84
204
-78
126
44
120
-134
10
-78
-160
-6
52
48
-38
-60
-164
28
-18
-32
-14
4
-64
90
76
-20
-42
-10
154
32
22
-106
-54
-88
52
42
104
-96
-64
-132
-4
10
-82
-128
-20
6
-58
44
140
26
20
122
-58
26
-42
36
-138
84
-56
154
142
-148
-302
-14
-106
-38
-144
-48
-56
108
-14
-66
-94
36
108
-24
76
2
154
-58
-46
64
-66
-168
-18
-144
-90
-28
-54
-112
108
-10
-74
-98
196
-40
112
-122
-94
-26
14
-50
176
72
-4
-14
22
160
-62
150
-170
-4
-80
-8
-20
-168
86
-26
-202
60
-216
-142
-102
-36
-208
-226
272
-156
220
62
118
24
-56
-48
-138
-126
-4
252
70
-32
-24
80
-72
24
-50
130
-12
-58
-70
-122
-24
64
-36
-120
-96
10
-188
-72
-20
-158
166
264
42
122
-80
66
54
104
-94
50
66
2
-184
-148
30
-6
-46
84
-12
0
-200
-18
158
188
-8
-154
-14
120
-58
-94
76
-88
-66
30
106
32
-70
-146
58
100
44
10
202
308
-74
14
82
64
-40
-90
40
188
-36
18
-40
-22
100
-110
-108
-12
-64
-38
-196
-96
-120
-284
-140
172
-26
72
-138
-146
58
42
34
206
-86
-128
46
-20
132
-78
26
-74
28
144
106
-12
8
70
118
80
-92
38
-20
82
-86
158
-20
112
-90
-12
-140
48
136
-110
-10
120
144
16
-22
-112
180
-74
-30
-28
-208
-112
-158
68
28
18
-120
56
60
-94
132
4
-2
78
94
116
70
-68
-26
42
-152
126
-44
116
-10
-14
-186
282
56
-88
38
-264
-60
12
-40
70
46
176
-86
-128
-44
130
-154
-34
-130
-38
178
-82
-14
104
-50
106
52
42
42
-206
-104
-102
-224
66
-104
-180
32
-170
42
70
118
8
36
-24
174
146
130
-22
84
-166
-38
44
10
-42
-76
-50
-126
8
100
192
-122
52
-92
-134
238
-162
-120
-52
-172
18
-112
104
14
-20
128
-94
-156
-96
126
64
70
98
-128
112
80
-12
218
-4
46
-60
10
-66
-254
-30
-94
64
52
-10
92
-114
-14
-116
-90
114
-54
28
34
-24
-102
58
100
-54
42
-172
-34
40
102
22
16
72
-114
-130
48
80
38
52
82
54
-52
-16
116
-34
-18
-34
-58
-160
114
-34
12
48
-30
-74
-26
170
120
-212
70
10
184
-172
-98
230
-44
-196
26
-54
82
148
-38
90
-132
216
34
68
-140
-58
66
16
-78
-38
144
116
-22
-132
128
4
194
212
-8
94
-126
16
-10
14
134
-46
-120
-178
-116
-66
24
-112
-24
52
90
-62
-12
166
178
164
-52
40
282
66
126
18
-80
-62
-102
110
-64
-24
64
136
88
84
12
-132
70
-40
-92
84
-116
-128
-74
-144
-10
72
-82
68
-88
-74
116
90
140
-52
26
-58
106
-50
-48
66
-56
-2
-148
-14
-28
116
-98
48
146
106
184
56
62
12
-116
-28
-122
2
-112
138
150
-50
-76
142
224
174
72
100
-6
-78
-52
-42
88
-116
20
-2
-80
56
120
-38
70
-140
64
-68
-30
-68
150
-38
-10
150
-2
4
54
140
-2
-146
-112
-42
-104
96
60
-14
-14
6
-102
-106
118
176
-130
-134
-60
-48
-14
-58
-128
-98
-72
-70
192
-268
136
38
26
-166
-114
2
68
106
-118
88
16
36
-30
-50
-28
72
12
-8
68
-134
56
-64
88
-20
-112
-48
40
156
18
76
-76
100
-18
-180
-174
44
40
-28
-58
-58
-106
134
26
-82
-80
154
-50
-4
4
24
-158
-14
-8
84
-12
128
-64
22
74
96
-58
-128
-80
-90
60
-216
-48
-62
102
-52
18
-166
150
-164
-34
34
2
-118
142
20
274
-62
-118
-98
28
-98
-40
-68
0
148
-54
114
64
-68
86
16
-88
64
-138
-146
108
52
44
-32
-62
90
-34
-68
60
-178
-94
50
-10
-46
38
12
10
26
40
228
-142
-114
52
-226
108
134
-112
-110
-108
-18
136
106
48
-104
72
8
54
20
-14
2
-34
-136
-120
-118
158
-160
104
-90
12
-224
-118
48
-184
-56
106
-22
70
-98
120
-168
10
6
98
6
28
-196
34
72
32
70
30
-2
80
-16
166
38
78
140
-142
88
114
158
10
-76
-38
-58
-204
14
6
-52
-34
-252
-24
2
-46
56
72
148
32
-50
-174
4
186
206
216
82
270
22
60
-10
54
64
94
-50
102
-48
-62
-96
-20
220
102
-28
80
136
14
-38
94
60
62
-20
154
-6
-22
-14
148
46
-96
112
124
-104
26
14
-30
-68
-58
-220
-114
-108
10
-72
184
-190
-10
66
0
10
22
-66
18
-74
-44
-30
-24
-142
50
-98
-82
56
22
26
4
-52
-126
0
48
46
-8
-56
226
28
-28
-2
116
-132
192
152
-32
-2
144
64
-60
56
-60
58
-14
-74
-128
-156
116
184
226
-106
8
-64
118
112
-36
104
54
-92
38
-16
14
70
-126
0
218
132
-120
-68
86
-118
-6
-182
-82
200
-64
172
142
-34
-144
52
34
92
-84
-128
-10
84
22
70
66
14
-16
28
-8
-64
72
-38
12
-48
-4
24
-38
-168
-26
222
-88
192
128
176
64
-34
-110
12
6
-166
98
-46
-154
206
-142
-148
78
-112
20
170
4
-148
26
-78
288
-26
124
236
-154
-104
60
-230
-52
-114
70
0
-20
-66
4
-2
-38
-62
-120
34
-104
18
8
128
-212
-180
62
-102
36
74
146
110
-18
-106
184
6
-8
142
36
4
-16
72
-72
-8
-16
-80
-60
-58
58
-4
110
30
20
66
24
54
-38
-16
-74
-90
216
58
172
6
-136
-192
-82
60
-32
-48
220
138
14
-22
-64
-202
-128
130
110
-120
-54
232
-48
194
76
-122
0
178
-62
48
116
-30
106
-30
0
-2
2
78
-126
-134
116
126
-6
164
-24
-114
-142
-50
-132
52
-40
-162
-14
80
-66
2
80
-52
38
-112
76
44
-212
-118
-166
172
64
-172
72
-96
88
30
38
10
-156
-118
98
-144
-118
-2
98
124
-92
-18
-92
-104
-158
-72
-144
-28
-56
12
-4
198
64
216
36
106
66
36
134
22
134
136
52
80
8
-196
-34
-60
120
-132
26
-92
0
172
70
2
56
-132
142
-30
-6
-104
126
282
70
-96
-24
2
-172
-50
212
36
-34
68
-68
216
74
-124
34
-132
60
-54
184
114
-68
-124
92
166
60
22
158
-56
-192
212
-6
38
2
-60
58
0
144
-34
56
-56
-22
82
68
84
-32
100
-84
-70
-18
-74
22
38
96
-90
114
44
-30
84
-82
38
-6
-112
-44
20
76
-84
-168
106
92
94
10
-48
100
170
-140
-20
-42
6
84
-138
-40
-20
-12
-36
32
36
-130
84
24
70
146
-34
-134
72
6
46
-36
-18
46
-124
-16
-72
-40
-98
16
30
-22
-74
110
64
-72
-64
174
-6
22
-82
36
-36
-86
-60
-92
182
40
-72
44
126
88
98
64
-4
-22
32
16
-136
-64
-76
86
96
180
-76
-38
-68
44
150
-82
-36
-100
-118
-142
-10
202
-138
-148
6
34
-48
38
52
168
44
72
46
6
10
14
152
44
74
-114
40
206
-228
-56
-82
96
-140
180
90
140
90
-108
-32
114
56
58
-16
34
88
134
-2
142
16
8
-56
12
-140
12
86
58
-6
-30
2
50
218
122
252
-12
244
-82
-2
-30
52
-18
108
-62
-134
-22
-212
58
54
-122
-44
-36
-48
-14
-58
92
-6
64
8
-4
98
130
-74
-128
-6
-128
76
30
-78
-22
-68
-156
38
-6
14
26
-34
30
-50
38
-62
46
-96
-70
-88
122
164
16
-174
-38
2
240
-242
150
38
-78
-22
0
-60
-28
156
-18
-160
24
-130
-24
68
10
72
-36
228
-12
-138
168
4
48
158
72
48
-82
-22
-24
-56
-20
118
-154
16
-64
-90
144
-202
110
62
198
72
-136
-140
170
138
-304
56
-28
150
86
22
-90
-96
130
-94
56
94
44
36
44
92
20
170
86
-152
-44
196
-20
-18
18
-82
-2
158
14
-152
100
-78
78
-200
-144
52
54
-20
52
-120
-32
-178
38
18
-124
102
56
-136
-110
68
-166
-8
76
-106
52
102
18
8
112
-132
54
-204
22
-168
46
34
106
108
-138
82
50
42
66
74
-116
-116
24
44
-70
62
180
-70
-162
-110
168
6
50
-36
-56
-60
-16
-66
-2
216
30
-12
60
-146
80
64
-16
-54
-66
34
-24
42
38
-42
-180
170
-10
-18
-56
-96
-124
36
-124
56
-30
-184
-116
42
24
-134
-48
34
0
-56
4
-30
-32
84
-152
-66
44
84
-92
-52
2
-80
-28
56
66
2
-70
-150
-16
-18
-180
232
52
-50
-58
186
-36
8
-146
24
146
22
-44
44
-84
-60
-16
-40
-94
-76
34
-106
10
20
66
48
-30
44
38
-16
-70
196
-176
18
-2
8
-72
46
-38
-140
-10
-128
16
162
30
42
-84
32
34
-88
72
18
-74
-6
-52
18
-28
136
120
-72
4
20
-170
-42
130
122
38
-28
-272
82
-8
-120
32
-162
-62
124
92
200
-134
36
60
-26
-134
26
-206
-200
54
-88
68
44
-64
152
-334
16
2
-92
-76
146
-106
224
184
92
6
162
-124
-52
-102
-90
-124
24
8
102
54
32
-76
-6
-144
0
-126
12
-84
40
-30
-26
-122
-48
-162
-6
70
-6
34
-84
154
84
28
-66
26
-174
-46
110
-48
-92
-18
-162
134
74
48
-120
-54
-8
-44
-72
110
46
-20
156
48
-16
62
-62
12
-164
-8
14
-28
10
-2
-18
-84
148
42
146
-38
302
244
-232
144
52
-140
50
104
-82
8
160
-134
92
-98
276
-106
10
-114
-54
-62
160
-54
-160
-54
-44
54
40
-16
-86
-116
-34
164
64
-12
-62
-90
136
48
20
76
62
2
-100
-50
-58
160
-88
-20
44
-210
16
-12
-42
70
32
-104
-52
-12
22
-34
-28
-82
-34
48
106
-14
-66
-74
70
-44
16
162
-46
66
26
172
14
-46
26
-48
-50
-214
8
-72
14
-4
-56
-2
-72
-60
-112
26
-126
64
84
-78
40
-90
144
140
-106
-86
-256
-190
62
-76
-110
4
48
-148
8
-16
-60
50
-116
88
128
-80
86
-30
8
100
38
-94
92
84
110
72
-6
154
-14
52
42
80
-6
-80
72
-128
-64
34
106
-102
154
160
30
84
52
68
30
138
-36
-34
24
6
-18
34
10
74
-120
-24
-86
-70
-154
12
76
-28
0
-150
-138
114
-148
-14
-54
-46
42
56
-44
32
-178
-26
-30
-20
-104
-212
0
-38
-54
6
32
194
-194
-34
-18
88
-78
50
-112
-18
-46
2
-80
100
8
176
-142
52
-10
-56
104
-74
-150
-48
-18
-36
16
96
-28
76
-140
-84
136
24
14
144
164
38
-140
32
220
40
18
72
-80
182
200
-70
44
-26
38
-198
88
60
6
-80
-120
72
154
-16
-16
4
146
-214
14
-98
-46
-14
48
150
-118
48
102
126
22
-76
-96
0
-194
100
82
26
2
8
164
66
14
12
-32
-62
-100
40
226
-26
-106
20
42
134
-78
-86
-70
-58
58
4
-98
56
-2
-84
-98
-10
176
22
-8
24
94
-18
-2
-32
-176
46
-80
82
-6
-166
228
154
158
-54
100
-52
-26
-156
-8
74
62
60
-180
-32
78
136
0
-50
90
10
148
-146
-162
-50
224
-112
-22
-38
30
-4
-10
-74
-54
-14
14
-70
-52
14
38
26
66
8
-76
126
104
36
-62
136
-72
-98
-108
-18
62
118
216
-8
-38
-48
-16
-168
16
-98
-32
80
-26
-52
-20
-48
76
40
-178
0
46
-80
162
4
-124
146
140
56
56
-80
-54
150
214
-4
-140
-178
40
272
-50
80
184
2
106
148
-110
-116
-94
-84
120
104
4
-12
-14
-74
18
-120
78
-62
2
112
14
-74
-110
38
-92
-84
-112
-144
-132
72
84
-36
-96
-142
118
-194
204
52
-44
-98
-14
18
-42
326
24
-26
-130
-4
-216
134
-60
-4
84
150
106
-94
26
-4
6
-172
66
68
-18
-72
132
8
-110
-24
-26
-6
-64
-102
6
-32
-116
24
-18
90
-116
-32
-110
-74
-82
162
-100
-40
-190
-20
-84
94
40
-142
-82
206
-116
42
80
192
-40
-80
52
-6
36
102
-226
-72
-150
-16
-90
-36
-42
124
-100
-66
-28
-152
-92
-56
116
-62
104
-16
110
-158
-64
74
-110
-86
138
-56
38
-48
-62
32
174
-46
60
-56
-16
32
66
-76
-70
-168
-134
174
-164
-122
-72
46
-98
-4
-148
20
-26
-58
-62
28
-2
72
232
-2
236
138
-152
8
-146
-28
-86
104
40
-102
14
108
-160
96
2
6
-42
-26
34
2
-52
118
-74
-90
-128
8
-36
-20
-168
-174
-50
86
-26
-86
-4
-44
-172
-48
16
-26
76
12
160
-92
-138
-40
84
-68
56
-116
-70
146
-30
-88
78
2
-10
-72
-10
-8
-42
16
-78
-252
-68
8
62
88
20
28
46
-76
-162
52
-18
-74
26
-88
60
86
-6
-126
-110
-2
170
-40
66
-14
-4
56
-4
116
112
62
50
62
-248
84
-202
-58
-14
72
-74
-154
-176
-156
8
158
-26
90
-50
-34
-142
16
54
-44
-10
-102
90
-218
126
38
74
172
-12
-100
-64
110
138
90
122
-20
-28
-120
94
-58
180
218
-188
184
-18
28
176
8
222
198
102
68
-124
46
166
206
-30
-26
-158
-158
154
-152
-44
132
-48
92
20
124
24
62
-30
22
6
-230
-140
26
12
-130
-232
-210
146
-40
-48
160
-130
-122
20
-92
94
162
-38
-68
-230
58
120
-160
-140
-150
-64
108
-136
-54
-96
-92
122
120
-144
178
26
-6
6
-134
-18
-24
-18
-56
-8
30
-220
-64
-26
-36
-42
-158
246
4
2
-78
44
-216
66
-144
-10
-38
106
112
-58
14
112
252
-156
-132
106
94
-208
-180
-22
116
10
226
-72
6
-10
224
-104
150
-78
-240
-44
32
-92
-6
-70
68
-28
30
10
196
-6
-250
106
78
-138
38
-46
62
-10
20
-42
-80
52
10
-82
-210
-100
96
56
-24
14
98
50
-80
144
-322
38
52
70
-26
40
10
-156
68
0
-22
56
-60
124
26
136
118
-34
-48
-78
190
-138
-170
-48
96
150
48
-32
-2
-86
-66
-88
94
-58
-92
164
14
-56
2
-32
-158
52
-38
-120
14
-44
50
6
8
0
-8
28
24
-62
104
70
116
120
-118
128
-32
-80
-48
-148
64
-54
-70
86
224
-150
66
-44
238
-46
-208
24
-30
-50
-96
42
-154
-180
-20
166
-190
-20
-156
170
54
46
-28
-30
22
-40
-14
-62
136
-62
52
-14
-56
-86
-226
10
44
-160
84
138
100
-168
56
-82
-76
-116
26
56
188
44
-86
-36
-110
-92
-102
-212
158
68
50
-38
-58
18
78
178
-106
114
82
-12
112
50
-4
0
-12
-16
32
124
82
68
-52
-22
-132
-70
52
176
-96
120
116
-46
-78
-38
116
-22
-150
-98
80
60
-18
22
-74
88
194
98
-118
24
46
-16
42
-62
90
38
38
-2
12
202
128
106
-38
-116
-198
-116
-64
-140
18
38
-44
-10
82
8
-204
110
-2
70
-56
34
100
18
-6
-82
58
80
50
106
-22
82
-14
-24
178
10
-232
136
82
-40
110
56
144
118
132
6
-152
-212
-6
-60
238
50
-24
-102
82
56
18
44
12
102
82
-24
-216
-8
74
104
-26
-232
-126
50
66
300
-70
154
62
164
90
-74
36
190
8
-102
-168
28
8
48
-76
-54
-72
26
24
-40
42
-58
84
42
116
-90
-22
150
132
62
62
-174
-32
-38
-30
-18
-88
-152
48
-68
98
68
110
12
152
-126
158
-16
-60
-8
-118
-72
86
76
-68
96
4
82
-34
-60
-8
-168
-104
172
148
-36
-164
242
-40
-62
-4
-52
94
110
24
-148
-18
-172
44
-26
50
52
56
-96
-50
-164
-112
24
-104
26
-44
-110
94
22
-52
48
-20
168
44
-60
38
-6
40
16
92
-88
24
-50
100
-96
122
68
18
-58
104
-112
-166
90
-48
-108
-56
134
22
92
130
80
0
-70
68
-88
-50
-82
-12
-124
-22
-24
80
-232
-54
-38
-202
-100
30
48
186
220
50
56
24
-138
-88
96
76
132
-88
-10
152
-82
18
36
-134
38
4
120
-226
8
58
-112
-20
226
-8
-12
68
12
96
-56
-70
-142
16
-138
86
16
-4
-170
36
-136
-94
-84
94
76
50
108
108
-54
50
6
0
40
-120
-82
-18
-8
66
-256
-36
16
70
10
-70
226
326
-30
-96
-60
-10
-112
-8
-56
30
-80
122
-58
-70
-32
-134
-44
-90
78
-98
-94
-2
4
-48
44
76
-68
68
-2
160
-80
98
-84
20
148
-36
-44
28
212
40
10
140
158
-18
-94
106
-142
-94
114
-26
-142
126
-48
76
88
-42
0
52
-60
-32
-90
164
112
-44
-106
82
-54
-132
42
102
110
-18
-28
-46
-18
34
-58
136
20
-66
-66
108
-36
36
-46
-30
210
-136
58
-52
-74
64
-138
-134
-238
56
46
134
36
-4
-24
214
-134
-40
46
-56
-38
236
0
-202
4
-14
-22
-10
-42
-64
-86
-188
-210
50
-44
-148
-2
12
12
-2
-144
192
0
68
64
-18
58
-102
-128
4
-210
-70
-62
94
-54
8
-52
210
-12
222
-12
74
82
162
-24
-56
-68
-40
178
-114
218
36
178
110
10
56
10
-76
-188
124
-80
0
-114
-68
-100
184
46
12
122
-78
118
30
-12
-4
-88
-110
34
22
-162
12
30
66
36
-84
-34
106
16
72
24
10
32
60
-174
-40
-150
54
42
-126
138
-260
-82
-188
4
44
-60
32
-48
-66
194
30
52
-20
22
-54
-50
180
32
-26
162
120
-12
-254
114
162
94
82
160
96
26
52
-54
36
12
-100
128
28
34
-80
32
22
-96
128
-94
44
82
112
-194
104
-112
-32
-54
120
118
-34
52
-80
64
20
-190
-92
82
-78
70
40
88
224
-62
212
36
126
-88
-30
4
12
102
294
86
62
60
106
102
48
-12
96
-128
208
-118
110
54
-94
-40
-86
182
100
12
-12
-34
-50
-28
-56
202
54
-32
76
4
-24
34
-60
100
52
28
-126
-68
-96
192
60
-168
6
110
260
2
-74
16
-112
-30
98
-168
198
-238
0
-172
-14
62
24
-2
142
-16
-68
-54
282
-86
-52
148
-76
124
-102
-86
-54
-18
108
-30
-48
-168
16
-80
16
16
62
72
152
-108
-106
204
-128
-36
-142
-72
138
6
184
-98
50
140
-224
-78
256
132
-10
8
-206
78
70
-38
104
-8
36
46
44
-58
40
54
168
38
-52
-66
-42
-44
-138
14
-86
58
-128
126
50
-174
28
-104
-186
110
-4
104
156
-120
-158
232
18
44
-16
74
-4
-54
222
136
-34
-100
-96
62
44
-102
54
-92
30
40
-186
-54
-78
-96
-66
46
186
-190
-84
82
38
-94
96
-268
156
154
148
-150
122
-176
-8
-18
38
92
-82
-40
136
-20
-208
-44
40
208
30
70
-156
140
18
-62
-90
-296
-130
-44
-62
78
-38
-12
14
-22
-20
-78
30
42
24
14
-72
-34
-44
-62
-226
0
-126
-88
40
84
28
182
38
44
-60
100
20
-64
-36
104
14
-28
-64
-38
-48
32
52
128
-52
84
188
236
-50
-40
-22
-40
26
62
-74
-118
74
-140
-14
-114
188
108
104
10
72
-100
174
44
-110
-50
-84
-64
100
124
102
186
-198
182
92
42
132
6
-58
90
-46
4
10
